
Start of a new data set 
The energy is8047
 h k l 2theta Intensity
1 1 1 38.081657 22941.771155
0 0 2 44.260283 61996.539932
0 2 2 64.382994 44900.458037
1 1 3 77.321160 37608.157257
2 2 2 81.458247 11917.077876
0 0 4 97.775575 30128.821855
1 3 3 110.374855 27183.844518
0 2 4 114.778821 52732.626030
2 2 4 134.663344 23680.270996
1 1 5 156.320634 29484.363913

Start of a new data set 
The energy is8048.3
 h k l 2theta Intensity
-1 -1 -1 38.075269 3455341.309925
-2 0 0 44.252756 1753134.264527
-2 -2 0 64.371343 1283644.978721
-3 -1 -1 77.306352 1589744.998376
-2 -2 -2 81.442311 465330.653340
-4 0 0 97.754369 231292.092706
-3 -3 -1 110.348241 749391.964197
-4 -2 0 114.749897 711864.615912
-4 -2 -2 134.619047 662788.769129
-5 -1 -1 156.232501 1246849.130797

Start of a new data set 
The energy is8048.3
 h k l 2theta Intensity
-1 -1 -1 38.075269 3455341.309925
-2 0 0 44.252756 1753134.264527
-2 -2 0 64.371343 1283644.978721
-3 -1 -1 77.306352 1589744.998376
-2 -2 -2 81.442311 465330.653340
-4 0 0 97.754369 231292.092706
-3 -3 -1 110.348241 749391.964197
-4 -2 0 114.749897 711864.615912
-4 -2 -2 134.619047 662788.769129
-5 -1 -1 156.232501 1246849.130797

Start of a new data set 
The energy is8048.3
 h k l 2theta Intensity
-1 -1 -1 38.075269 3455341.309925
-2 0 0 44.252756 1753134.264527
-2 -2 0 64.371343 1283644.978721
-3 -1 -1 77.306352 1589744.998376
-2 -2 -2 81.442311 465330.653340
-4 0 0 97.754369 231292.092706
-3 -3 -1 110.348241 749391.964197
-4 -2 0 114.749897 711864.615912
-4 -2 -2 134.619047 662788.769129
-5 -1 -1 156.232501 1246849.130797

Start of a new data set 
The energy is8048.3
 h k l 2theta Intensity
-1 -1 -1 38.075269 3455341.309925
-2 0 0 44.252756 1753134.264527
-2 -2 0 64.371343 1283644.978721
-3 -1 -1 77.306352 1589744.998376
-2 -2 -2 81.442311 465330.653340
-4 0 0 97.754369 231292.092706
-3 -3 -1 110.348241 749391.964197
-4 -2 0 114.749897 711864.615912
-4 -2 -2 134.619047 662788.769129
-5 -1 -1 156.232501 1246849.130797

Start of a new data set 
The energy is8048.3
 h k l 2theta Intensity
-1 -1 -1 38.075269 3455341.309925
-2 0 0 44.252756 1753134.264527
-2 -2 0 64.371343 1283644.978721
-3 -1 -1 77.306352 1589744.998376
-2 -2 -2 81.442311 465330.653340
-4 0 0 97.754369 231292.092706
-3 -3 -1 110.348241 749391.964197
-4 -2 0 114.749897 711864.615912
-4 -2 -2 134.619047 662788.769129
-5 -1 -1 156.232501 1246849.130797

Start of a new data set 
The energy is8048.3
 h k l 2theta Intensity
-1 -1 -1 38.075269 2955516.251338
-2 0 0 44.252756 1427541.116123
-2 -2 0 64.371343 887856.253188
-3 -1 -1 77.306352 1035180.817733
-2 -2 -2 81.442311 302104.725277
-4 0 0 97.754369 164395.642452
-3 -3 -1 110.348241 633420.828768
-4 -2 0 114.749897 648218.203245
-4 -2 -2 134.619047 861570.379890
-5 -1 -1 156.232501 2197965.927728

Start of a new data set 
The energy is8048.3
 h k l 2theta Intensity
-1 -1 -1 38.075269 2955516.251338
-2 0 0 44.252756 1427541.116123
-2 -2 0 64.371343 887856.253188
-3 -1 -1 77.306352 1035180.817733
-2 -2 -2 81.442311 302104.725277
-4 0 0 97.754369 164395.642452
-3 -3 -1 110.348241 633420.828768
-4 -2 0 114.749897 648218.203245
-4 -2 -2 134.619047 861570.379890
-5 -1 -1 156.232501 2197965.927728

Start of a new data set 
The energy is8048.3
 h k l 2theta Intensity
-1 -1 -1 38.075269 2955516.251338
-2 0 0 44.252756 1427541.116123
-2 -2 0 64.371343 887856.253188
-3 -1 -1 77.306352 1035180.817733
-2 -2 -2 81.442311 302104.725277
-4 0 0 97.754369 164395.642452
-3 -3 -1 110.348241 633420.828768
-4 -2 0 114.749897 648218.203245
-4 -2 -2 134.619047 861570.379890
-5 -1 -1 156.232501 2197965.927728
