
Start of a new data set 
The energy is8047
 h k l 2theta Intensity
1 1 1 22.469661 1893.996872
0 0 1 23.797706 637.814653
0 1 1 27.168212 58201.876880
1 1 2 37.959486 44573.985452
1 2 2 44.559032 11229.330495
2 2 2 45.866851 10759.731131
0 1 2 46.027304 8382.075959
0 0 2 48.707502 44104.722438
0 2 2 56.035485 35557.530140
2 2 3 59.330839 16897.328980
1 1 3 61.134092 9167.973112
1 2 3 62.188666 52918.290173
2 3 3 67.446242 17659.444060
0 1 3 70.797199 59847.825991
3 3 3 71.534212 7222.621037
1 3 3 73.721084 14323.604186
0 2 3 75.345197 15601.899859
0 0 3 76.421202 2931.605490
2 2 4 81.153747 15212.644687
2 3 4 85.010579 37605.894197
3 3 4 85.418433 8696.947300
1 2 4 87.102638 24952.195439
0 3 3 89.597291 39470.655392
1 3 4 94.357704 26811.568545
3 4 4 95.581622 22021.535904
2 4 4 98.620453 7710.116280
0 1 4 101.919560 12131.234881
4 4 4 102.397187 1102.413202
0 2 4 102.869900 35181.719612
3 3 5 109.088620 19765.675417
0 0 4 111.123953 20647.164491
1 4 4 111.873664 29990.167060
2 3 5 112.312304 13884.867014
0 3 4 114.141161 19996.794791
3 4 5 116.388406 5977.765254
4 4 5 120.142972 21417.080176
1 2 5 122.378916 21821.528575
2 4 5 123.834559 35931.326873
1 3 5 127.036797 27316.806321
1 1 5 129.698872 9121.853748
4 5 5 136.879130 557.109937
3 5 5 137.048101 19614.677870
0 4 4 139.932140 10005.348482
1 4 5 147.054464 11632.431691
0 2 5 150.287015 16791.430871
5 5 5 153.889773 6591.029469
2 5 5 154.687193 5033.046852
0 1 5 155.788472 26797.848434
4 4 6 163.674418 514.264078
3 4 6 164.089803 36214.555807
0 3 5 174.296293 18491.354746

Start of a new data set 
The energy is8047
 h k l 2theta Intensity
1 1 1 22.469661 1893.996872
0 0 1 23.797706 637.814653
0 1 1 27.168212 58201.876880
1 1 2 37.959486 44573.985452
1 2 2 44.559032 11229.330495
2 2 2 45.866851 10759.731131
0 1 2 46.027304 8382.075959
0 0 2 48.707502 44104.722438
0 2 2 56.035485 35557.530140
2 2 3 59.330839 16897.328980
1 1 3 61.134092 9167.973112
1 2 3 62.188666 52918.290173
2 3 3 67.446242 17659.444060
0 1 3 70.797199 59847.825991
3 3 3 71.534212 7222.621037
1 3 3 73.721084 14323.604186
0 2 3 75.345197 15601.899859
0 0 3 76.421202 2931.605490
2 2 4 81.153747 15212.644687
2 3 4 85.010579 37605.894197
3 3 4 85.418433 8696.947300
1 2 4 87.102638 24952.195439
0 3 3 89.597291 39470.655392
1 3 4 94.357704 26811.568545
3 4 4 95.581622 22021.535904
2 4 4 98.620453 7710.116280
0 1 4 101.919560 12131.234881
4 4 4 102.397187 1102.413202
0 2 4 102.869900 35181.719612
3 3 5 109.088620 19765.675417
0 0 4 111.123953 20647.164491
1 4 4 111.873664 29990.167060
2 3 5 112.312304 13884.867014
0 3 4 114.141161 19996.794791
3 4 5 116.388406 5977.765254
4 4 5 120.142972 21417.080176
1 2 5 122.378916 21821.528575
2 4 5 123.834559 35931.326873
1 3 5 127.036797 27316.806321
1 1 5 129.698872 9121.853748
4 5 5 136.879130 557.109937
3 5 5 137.048101 19614.677870
0 4 4 139.932140 10005.348482
1 4 5 147.054464 11632.431691
0 2 5 150.287015 16791.430871
5 5 5 153.889773 6591.029469
2 5 5 154.687193 5033.046852
0 1 5 155.788472 26797.848434
4 4 6 163.674418 514.264078
3 4 6 164.089803 36214.555807
0 3 5 174.296293 18491.354746

Start of a new data set 
The energy is8047
 h k l 2theta Intensity
1 1 1 22.469661 1893.996872
0 0 1 23.797706 212.604884
0 1 1 27.168212 19400.625627
1 1 2 37.959486 14857.995151
1 2 2 44.559032 3743.110165
2 2 2 45.866851 10759.731131
0 1 2 46.027304 1397.012660
0 0 2 48.707502 14701.574146
0 2 2 56.035485 11852.510047
2 2 3 59.330839 5632.442993
1 1 3 61.134092 3055.991037
1 2 3 62.188666 8819.715029
2 3 3 67.446242 5886.481353
0 1 3 70.797199 9974.637665
3 3 3 71.534212 7222.621037
1 3 3 73.721084 4774.534729
0 2 3 75.345197 2600.316643
0 0 3 76.421202 977.201830
2 2 4 81.153747 5070.881562
2 3 4 85.010579 6267.649033
3 3 4 85.418433 2898.982433
1 2 4 87.102638 4158.699240
0 3 3 89.597291 6578.442565
1 3 4 94.357704 4468.594758
3 4 4 95.581622 7340.511968
2 4 4 98.620453 2570.038760
0 1 4 101.919560 2021.872480
4 4 4 102.397187 1102.413202
0 2 4 102.869900 5863.619935
3 3 5 109.088620 6588.558472
0 0 4 111.123953 6882.388164
1 4 4 111.873664 4998.361177
2 3 5 112.312304 2314.144502
0 3 4 114.141161 3332.799132
3 4 5 116.388406 996.294209
4 4 5 120.142972 7139.026725
1 2 5 122.378916 3636.921429
2 4 5 123.834559 5988.554479
1 3 5 127.036797 4552.801054
1 1 5 129.698872 3040.617916
4 5 5 136.879130 185.703312
3 5 5 137.048101 6538.225957
0 4 4 139.932140 3335.116161
1 4 5 147.054464 1938.738615
0 2 5 150.287015 2798.571812
5 5 5 153.889773 6591.029469
2 5 5 154.687193 838.841142
0 1 5 155.788472 4466.308072
4 4 6 163.674418 171.421359
3 4 6 164.089803 6035.759301
0 3 5 174.296293 3081.892458

Start of a new data set 
The energy is8047
 h k l 2theta Intensity
1 1 1 22.469661 1893.996872
0 0 1 23.797706 212.604884
0 1 1 27.168212 19400.625627
1 1 2 37.959486 14857.995151
1 2 2 44.559032 3743.110165
2 2 2 45.866851 10759.731131
0 1 2 46.027304 1397.012660
0 0 2 48.707502 14701.574146
0 2 2 56.035485 11852.510047
2 2 3 59.330839 5632.442993
1 1 3 61.134092 3055.991037
1 2 3 62.188666 8819.715029
2 3 3 67.446242 5886.481353
0 1 3 70.797199 9974.637665
3 3 3 71.534212 7222.621037
1 3 3 73.721084 4774.534729
0 2 3 75.345197 2600.316643
0 0 3 76.421202 977.201830
2 2 4 81.153747 5070.881562
2 3 4 85.010579 6267.649033
3 3 4 85.418433 2898.982433
1 2 4 87.102638 4158.699240
0 3 3 89.597291 6578.442565
1 3 4 94.357704 4468.594758
3 4 4 95.581622 7340.511968
2 4 4 98.620453 2570.038760
0 1 4 101.919560 2021.872480
4 4 4 102.397187 1102.413202
0 2 4 102.869900 5863.619935
3 3 5 109.088620 6588.558472
0 0 4 111.123953 6882.388164
1 4 4 111.873664 4998.361177
2 3 5 112.312304 2314.144502
0 3 4 114.141161 3332.799132
3 4 5 116.388406 996.294209
4 4 5 120.142972 7139.026725
1 2 5 122.378916 3636.921429
2 4 5 123.834559 5988.554479
1 3 5 127.036797 4552.801054
1 1 5 129.698872 3040.617916
4 5 5 136.879130 185.703312
3 5 5 137.048101 6538.225957
0 4 4 139.932140 3335.116161
1 4 5 147.054464 1938.738615
0 2 5 150.287015 2798.571812
5 5 5 153.889773 6591.029469
2 5 5 154.687193 838.841142
0 1 5 155.788472 4466.308072
4 4 6 163.674418 171.421359
3 4 6 164.089803 6035.759301
0 3 5 174.296293 3081.892458

Start of a new data set 
The energy is8047
 h k l 2theta Intensity
1 1 1 22.469661 798483.579521
0 0 1 23.797706 60026.703512
0 1 1 27.168212 8443791.373768
1 1 2 37.959486 6752866.563673
1 2 2 44.559032 1253759.065380
2 2 2 45.866851 1137673.021389
0 1 2 46.027304 440240.509495
0 0 2 48.707502 1041971.603030
0 2 2 56.035485 1299160.458162
2 2 3 59.330839 1114589.475971
1 1 3 61.134092 573555.521450
1 2 3 62.188666 3212737.862589
2 3 3 67.446242 932307.950816
0 1 3 70.797199 1456795.515696
3 3 3 71.534212 345679.986013
1 3 3 73.721084 652786.438495
0 2 3 75.345197 343350.442431
0 0 3 76.421202 31543.903591
2 2 4 81.153747 597169.966302
2 3 4 85.010579 1379749.482225
3 3 4 85.418433 316936.806330
1 2 4 87.102638 884932.683124
0 3 3 89.597291 336898.613968
1 3 4 94.357704 857554.469115
3 4 4 95.581622 693695.250337
2 4 4 98.620453 234495.300924
0 1 4 101.919560 178368.697984
4 4 4 102.397187 32272.865538
0 2 4 102.869900 512733.597817
3 3 5 109.088620 549075.545453
0 0 4 111.123953 141685.231277
1 4 4 111.873664 409986.040491
2 3 5 112.312304 378807.059836
0 3 4 114.141161 270582.411282
3 4 5 116.388406 160532.815115
4 4 5 120.142972 571042.971648
1 2 5 122.378916 581401.880470
2 4 5 123.834559 958306.541272
1 3 5 127.036797 733349.049664
1 1 5 129.698872 247408.054222
4 5 5 136.879130 15915.211407
3 5 5 137.048101 561289.224093
0 4 4 139.932140 147891.405680
1 4 5 147.054464 385573.381630
0 2 5 150.287015 298823.943500
5 5 5 153.889773 258528.473002
2 5 5 154.687193 101151.176699
0 1 5 155.788472 558152.233803
4 4 6 163.674418 30167.786793
3 4 6 164.089803 2175129.908746
0 3 5 174.296293 1494010.282926

Start of a new data set 
The energy is8047
 h k l 2theta Intensity
1 1 1 22.469661 99810.447440
0 0 1 23.797706 10004.450585
0 1 1 27.168212 703649.281147
1 1 2 37.959486 281369.440153
1 2 2 44.559032 52239.961058
2 2 2 45.866851 142209.127674
0 1 2 46.027304 18343.354562
0 0 2 48.707502 173661.933838
0 2 2 56.035485 108263.371514
2 2 3 59.330839 46441.228165
1 1 3 61.134092 23898.146727
1 2 3 62.188666 66932.038804
2 3 3 67.446242 38846.164617
0 1 3 70.797199 60699.813154
3 3 3 71.534212 43209.998252
1 3 3 73.721084 27199.434937
0 2 3 75.345197 14306.268435
0 0 3 76.421202 5257.317265
2 2 4 81.153747 24882.081929
2 3 4 85.010579 28744.780880
3 3 4 85.418433 13205.700264
1 2 4 87.102638 18436.097565
0 3 3 89.597291 28074.884497
1 3 4 94.357704 17865.718107
3 4 4 95.581622 28903.968764
2 4 4 98.620453 9770.637539
0 1 4 101.919560 7432.029083
4 4 4 102.397187 4034.108192
0 2 4 102.869900 21363.899909
3 3 5 109.088620 22878.147727
0 0 4 111.123953 23614.205213
1 4 4 111.873664 17082.751687
2 3 5 112.312304 7891.813747
0 3 4 114.141161 11274.267137
3 4 5 116.388406 3344.433648
4 4 5 120.142972 23793.457152
1 2 5 122.378916 12112.539176
2 4 5 123.834559 19964.719610
1 3 5 127.036797 15278.105201
1 1 5 129.698872 10308.668926
4 5 5 136.879130 663.133809
3 5 5 137.048101 23387.051004
0 4 4 139.932140 12324.283807
1 4 5 147.054464 8032.778784
0 2 5 150.287015 12450.997646
5 5 5 153.889773 32316.059125
2 5 5 154.687193 4214.632362
0 1 5 155.788472 23256.343075
4 4 6 163.674418 1256.991116
3 4 6 164.089803 45315.206432
0 3 5 174.296293 62250.428455

Start of a new data set 
The energy is8047
 h k l 2theta Intensity
-1 -1 -1 22.469661 99810.447440
-1 0 0 23.797706 10004.450585
-1 -1 0 27.168212 703649.281147
-2 -1 -1 37.959486 281369.440153
-1 0 1 39.625142 299520.806539
-2 -2 -1 44.559032 52239.961058
-2 -2 -2 45.866851 142209.127674
-2 -1 0 46.027304 18343.354562
-1 -1 1 46.747932 2015.631929
-2 0 0 48.707502 173661.933838
-2 -2 0 56.035485 108263.371514
-3 -2 -2 59.330839 46441.228165
-3 -1 -1 61.134092 23898.146727
-3 -2 -1 62.188666 66932.038804
-2 0 1 62.906575 966.140986
-2 -1 1 64.523760 86478.603576
-3 -3 -2 67.446242 38846.164617
-3 -1 0 70.797199 60699.813154
-3 -3 -3 71.534212 43209.998252
-2 1 1 71.898556 69031.546291
-3 -3 -1 73.721084 27199.434937
-3 -2 0 75.345197 14306.268435
-3 0 0 76.421202 5257.317265
-4 -2 -2 81.153747 24882.081929
-4 -3 -2 85.010579 28744.780880
-2 0 2 85.357755 46068.787300
-4 -3 -3 85.418433 13205.700264
-4 -2 -1 87.102638 18436.097565
-4 -1 -1 89.597291 28074.884497
-3 -1 1 89.712610 3642.381199
-2 -1 2 90.234359 410.649381
-3 0 1 91.684528 37838.556738
-4 -3 -1 94.357704 17865.718107
-4 -4 -3 95.581622 28903.968764
-3 -2 1 97.505437 29455.575992
-4 -4 -2 98.620453 9770.637539
-4 -1 0 101.919560 7432.029083
-4 -4 -4 102.397187 4034.108192
-4 -2 0 102.869900 21363.899909
-3 1 1 103.524249 313.807543
-2 -2 2 105.020395 29192.734702
-5 -3 -3 109.088620 22878.147727
-4 0 0 111.123953 23614.205213
-5 -2 -2 111.873664 17082.751687
-5 -3 -2 112.312304 7891.813747
-4 -3 0 114.141161 11274.267137
-3 -3 1 115.868347 6140.672969
-5 -4 -3 116.388406 3344.433648
-3 0 2 117.621168 262.270409
-3 -1 2 119.270238 24668.733888
-5 -4 -4 120.142972 23793.457152
-5 -2 -1 122.378916 12112.539176
-5 -4 -2 123.834559 19964.719610
-4 -1 1 126.167891 20975.086772
-5 -3 -1 127.036797 15278.105201
-3 1 2 127.471431 24688.350480
-5 -1 -1 129.698872 10308.668926
-4 -2 1 131.764566 5719.336411
-4 0 1 133.179303 2179.902657
-5 -5 -4 136.879130 663.133809
-5 -5 -3 137.048101 23387.051004
-4 -4 0 139.932140 12324.283807
-5 -4 -1 147.054464 8032.778784
-5 -2 0 150.287015 12450.997646
-5 -5 -5 153.889773 32316.059125
-6 -3 -3 154.687193 4214.632362
-5 -1 0 155.788472 23256.343075
-3 2 2 157.391991 364.072878
-4 1 1 161.525083 40965.487313
-6 -4 -4 163.674418 1256.991116
-6 -4 -3 164.089803 45315.206432
-5 -3 0 174.296293 62250.428455

Start of a new data set 
The energy is8047
 h k l 2theta Intensity
-1 -1 -1 22.469661 199620.894880
-1 0 0 23.797706 60026.703512
-1 -1 0 27.168212 4221895.686884
-2 -1 -1 37.959486 1688216.640918
-1 0 1 39.625142 1797124.839234
-2 -2 -1 44.559032 313439.766345
-2 -2 -2 45.866851 284418.255347
-2 -1 0 46.027304 220120.254747
-1 -1 1 46.747932 12093.791571
-2 0 0 48.707502 1041971.603030
-2 -2 0 56.035485 649580.229081
-3 -2 -2 59.330839 278647.368993
-3 -1 -1 61.134092 143388.880363
-3 -2 -1 62.188666 803184.465647
-2 0 1 62.906575 11593.691827
-2 -1 1 64.523760 1037743.242914
-3 -3 -2 67.446242 233076.987704
-3 -1 0 70.797199 728397.757848
-3 -3 -3 71.534212 86419.996503
-2 1 1 71.898556 414189.277747
-3 -3 -1 73.721084 163196.609624
-3 -2 0 75.345197 171675.221215
-3 0 0 76.421202 63087.807182
-4 -2 -2 81.153747 149292.491576
-4 -3 -2 85.010579 344937.370556
-2 0 2 85.357755 276412.723799
-4 -3 -3 85.418433 79234.201582
-4 -2 -1 87.102638 221233.170781
-4 -1 -1 89.597291 336898.613968
-3 -1 1 89.712610 43708.574393
-2 -1 2 90.234359 4927.792570
-3 0 1 91.684528 454062.680853
-4 -3 -1 94.357704 214388.617279
-4 -4 -3 95.581622 173423.812584
-3 -2 1 97.505437 353466.911898
-4 -4 -2 98.620453 58623.825231
-4 -1 0 101.919560 89184.348992
-4 -4 -4 102.397187 8068.216384
-4 -2 0 102.869900 256366.798908
-3 1 1 103.524249 1882.845257
-2 -2 2 105.020395 175156.408210
-5 -3 -3 109.088620 137268.886363
-4 0 0 111.123953 141685.231277
-5 -2 -2 111.873664 204993.020245
-5 -3 -2 112.312304 94701.764959
-4 -3 0 114.141161 135291.205641
-3 -3 1 115.868347 36844.037812
-5 -4 -3 116.388406 40133.203779
-3 0 2 117.621168 3147.244906
-3 -1 2 119.270238 296024.806654
-5 -4 -4 120.142972 142760.742912
-5 -2 -1 122.378916 145350.470117
-5 -4 -2 123.834559 239576.635318
-4 -1 1 126.167891 251701.041263
-5 -3 -1 127.036797 183337.262416
-3 1 2 127.471431 296260.205756
-5 -1 -1 129.698872 61852.013555
-4 -2 1 131.764566 68632.036935
-4 0 1 133.179303 52317.663762
-5 -5 -4 136.879130 3978.802852
-5 -5 -3 137.048101 140322.306023
-4 -4 0 139.932140 73945.702840
-5 -4 -1 147.054464 96393.345408
-5 -2 0 150.287015 149411.971750
-5 -5 -5 153.889773 64632.118251
-6 -3 -3 154.687193 50575.588350
-5 -1 0 155.788472 558152.233803
-3 2 2 157.391991 2184.437270
-4 1 1 161.525083 245792.923876
-6 -4 -4 163.674418 7541.946698
-6 -4 -3 164.089803 543782.477186
-5 -3 0 174.296293 747005.141463

Start of a new data set 
The energy is8048.3
 h k l 2theta Intensity
-1 -1 -1 22.465985 199681.662373
-1 0 0 23.793806 60044.960972
-1 -1 0 27.163739 4223176.789212
-2 -1 -1 37.953120 1688724.025062
-1 0 1 39.618474 1797663.964626
-2 -2 -1 44.551448 313533.215478
-2 -2 -2 45.859020 284502.894157
-2 -1 0 46.019442 220185.743949
-1 -1 1 46.739932 12097.385782
-2 0 0 48.699124 1042280.309790
-2 -2 0 56.025636 649769.930388
-3 -2 -2 59.320297 278728.074265
-3 -1 -1 61.123160 143430.198686
-3 -2 -1 62.177503 803415.167448
-2 0 1 62.895254 11597.014351
-2 -1 1 64.512077 1038039.026801
-3 -3 -2 67.433888 233142.692994
-3 -1 0 70.784046 728600.076012
-3 -3 -3 71.520879 86443.913672
-2 1 1 71.885134 414303.695999
-3 -3 -1 73.707208 163241.254632
-3 -2 0 75.330906 171721.740749
-3 0 0 76.406632 63104.786853
-4 -2 -2 81.137896 149331.288787
-4 -3 -2 84.993616 345023.808030
-2 0 2 85.340689 276481.734277
-4 -3 -3 85.401348 79253.970632
-4 -2 -1 87.085043 221287.323016
-4 -1 -1 89.578913 336978.463887
-3 -1 1 89.694195 43718.917258
-2 -1 2 90.215776 4928.949987
-3 0 1 91.665468 454167.000092
-4 -3 -1 94.337733 214435.625085
-4 -4 -3 95.561217 173460.921191
-3 -2 1 97.484331 353539.363919
-4 -4 -2 98.598928 58635.511419
-4 -1 0 101.896739 89200.461071
-4 -4 -4 102.374171 8069.649967
-4 -2 0 102.846688 256411.576446
-3 1 1 103.500763 1883.166012
-2 -2 2 104.996267 175184.422628
-5 -3 -3 109.062632 137286.329275
-4 0 0 111.096964 141700.494899
-5 -2 -2 111.846293 205013.529114
-5 -3 -2 112.284705 94710.799808
-4 -3 0 114.112587 135301.323105
-3 -3 1 115.838808 36846.000802
-5 -4 -3 116.358567 40135.065242
-3 0 2 117.590599 3147.336792
-3 -1 2 119.238653 296026.054241
-5 -4 -4 120.110828 142759.314082
-5 -2 -1 122.345272 145343.205938
-5 -4 -2 123.799879 239557.701031
-4 -1 1 126.131444 251667.974405
-5 -3 -1 126.999655 183309.230393
-3 1 2 127.433934 296211.583878
-5 -1 -1 129.659463 61837.984464
-4 -2 1 131.723239 68611.874499
-4 0 1 133.136570 52299.596328
-5 -5 -4 136.832310 3976.785005
-5 -5 -3 137.001079 140249.952268
-4 -4 0 139.881410 73895.545846
-5 -4 -1 146.991926 96269.058383
-5 -2 0 150.217318 149153.921765
-5 -5 -5 153.810070 64475.559825
-6 -3 -3 154.604900 50443.184567
-5 -1 0 155.702327 556522.047173
-3 2 2 157.299581 2176.915776
-4 1 1 161.411620 244448.406014
-6 -4 -4 163.545881 7487.828076
-6 -4 -3 163.957892 539657.196289
-5 -3 0 173.936097 703091.257742

Start of a new data set 
The energy is8048.3
 h k l 2theta Intensity
-1 -1 -1 22.465985 199681.662373
-1 0 0 23.793806 60044.960972
-1 -1 0 27.163739 4223176.789212
-2 -1 -1 37.953120 1688724.025062
-1 0 1 39.618474 1797663.964626
-2 -2 -1 44.551448 313533.215478
-2 -2 -2 45.859020 284502.894157
-2 -1 0 46.019442 220185.743949
-1 -1 1 46.739932 12097.385782
-2 0 0 48.699124 1042280.309790
-2 -2 0 56.025636 649769.930388
-3 -2 -2 59.320297 278728.074265
-3 -1 -1 61.123160 143430.198686
-3 -2 -1 62.177503 803415.167448
-2 0 1 62.895254 11597.014351
-2 -1 1 64.512077 1038039.026801
-3 -3 -2 67.433888 233142.692994
-3 -1 0 70.784046 728600.076012
-3 -3 -3 71.520879 86443.913672
-2 1 1 71.885134 414303.695999
-3 -3 -1 73.707208 163241.254632
-3 -2 0 75.330906 171721.740749
-3 0 0 76.406632 63104.786853
-4 -2 -2 81.137896 149331.288787
-4 -3 -2 84.993616 345023.808030
-2 0 2 85.340689 276481.734277
-4 -3 -3 85.401348 79253.970632
-4 -2 -1 87.085043 221287.323016
-4 -1 -1 89.578913 336978.463887
-3 -1 1 89.694195 43718.917258
-2 -1 2 90.215776 4928.949987
-3 0 1 91.665468 454167.000092
-4 -3 -1 94.337733 214435.625085
-4 -4 -3 95.561217 173460.921191
-3 -2 1 97.484331 353539.363919
-4 -4 -2 98.598928 58635.511419
-4 -1 0 101.896739 89200.461071
-4 -4 -4 102.374171 8069.649967
-4 -2 0 102.846688 256411.576446
-3 1 1 103.500763 1883.166012
-2 -2 2 104.996267 175184.422628
-5 -3 -3 109.062632 137286.329275
-4 0 0 111.096964 141700.494899
-5 -2 -2 111.846293 205013.529114
-5 -3 -2 112.284705 94710.799808
-4 -3 0 114.112587 135301.323105
-3 -3 1 115.838808 36846.000802
-5 -4 -3 116.358567 40135.065242
-3 0 2 117.590599 3147.336792
-3 -1 2 119.238653 296026.054241
-5 -4 -4 120.110828 142759.314082
-5 -2 -1 122.345272 145343.205938
-5 -4 -2 123.799879 239557.701031
-4 -1 1 126.131444 251667.974405
-5 -3 -1 126.999655 183309.230393
-3 1 2 127.433934 296211.583878
-5 -1 -1 129.659463 61837.984464
-4 -2 1 131.723239 68611.874499
-4 0 1 133.136570 52299.596328
-5 -5 -4 136.832310 3976.785005
-5 -5 -3 137.001079 140249.952268
-4 -4 0 139.881410 73895.545846
-5 -4 -1 146.991926 96269.058383
-5 -2 0 150.217318 149153.921765
-5 -5 -5 153.810070 64475.559825
-6 -3 -3 154.604900 50443.184567
-5 -1 0 155.702327 556522.047173
-3 2 2 157.299581 2176.915776
-4 1 1 161.411620 244448.406014
-6 -4 -4 163.545881 7487.828076
-6 -4 -3 163.957892 539657.196289
-5 -3 0 173.936097 703091.257742

Start of a new data set 
The energy is8048.3
 h k l 2theta Intensity
-1 -1 -1 22.465985 199681.662373
-1 0 0 23.793806 60044.960972
-1 -1 0 27.163739 4223176.789212
-2 -1 -1 37.953120 1688724.025062
-1 0 1 39.618474 1797663.964626
-2 -2 -1 44.551448 313533.215478
-2 -2 -2 45.859020 284502.894157
-2 -1 0 46.019442 220185.743949
-1 -1 1 46.739932 12097.385782
-2 0 0 48.699124 1042280.309790
-2 -2 0 56.025636 649769.930388
-3 -2 -2 59.320297 278728.074265
-3 -1 -1 61.123160 143430.198686
-3 -2 -1 62.177503 803415.167448
-2 0 1 62.895254 11597.014351
-2 -1 1 64.512077 1038039.026801
-3 -3 -2 67.433888 233142.692994
-3 -1 0 70.784046 728600.076012
-3 -3 -3 71.520879 86443.913672
-2 1 1 71.885134 414303.695999
-3 -3 -1 73.707208 163241.254632
-3 -2 0 75.330906 171721.740749
-3 0 0 76.406632 63104.786853
-4 -2 -2 81.137896 149331.288787
-4 -3 -2 84.993616 345023.808030
-2 0 2 85.340689 276481.734277
-4 -3 -3 85.401348 79253.970632
-4 -2 -1 87.085043 221287.323016
-4 -1 -1 89.578913 336978.463887
-3 -1 1 89.694195 43718.917258
-2 -1 2 90.215776 4928.949987
-3 0 1 91.665468 454167.000092
-4 -3 -1 94.337733 214435.625085
-4 -4 -3 95.561217 173460.921191
-3 -2 1 97.484331 353539.363919
-4 -4 -2 98.598928 58635.511419
-4 -1 0 101.896739 89200.461071
-4 -4 -4 102.374171 8069.649967
-4 -2 0 102.846688 256411.576446
-3 1 1 103.500763 1883.166012
-2 -2 2 104.996267 175184.422628
-5 -3 -3 109.062632 137286.329275
-4 0 0 111.096964 141700.494899
-5 -2 -2 111.846293 205013.529114
-5 -3 -2 112.284705 94710.799808
-4 -3 0 114.112587 135301.323105
-3 -3 1 115.838808 36846.000802
-5 -4 -3 116.358567 40135.065242
-3 0 2 117.590599 3147.336792
-3 -1 2 119.238653 296026.054241
-5 -4 -4 120.110828 142759.314082
-5 -2 -1 122.345272 145343.205938
-5 -4 -2 123.799879 239557.701031
-4 -1 1 126.131444 251667.974405
-5 -3 -1 126.999655 183309.230393
-3 1 2 127.433934 296211.583878
-5 -1 -1 129.659463 61837.984464
-4 -2 1 131.723239 68611.874499
-4 0 1 133.136570 52299.596328
-5 -5 -4 136.832310 3976.785005
-5 -5 -3 137.001079 140249.952268
-4 -4 0 139.881410 73895.545846
-5 -4 -1 146.991926 96269.058383
-5 -2 0 150.217318 149153.921765
-5 -5 -5 153.810070 64475.559825
-6 -3 -3 154.604900 50443.184567
-5 -1 0 155.702327 556522.047173
-3 2 2 157.299581 2176.915776
-4 1 1 161.411620 244448.406014
-6 -4 -4 163.545881 7487.828076
-6 -4 -3 163.957892 539657.196289
-5 -3 0 173.936097 703091.257742

Start of a new data set 
The energy is8048.3
 h k l 2theta Intensity
-1 -1 -1 22.465985 199681.662373
-1 0 0 23.793806 60044.960972
-1 -1 0 27.163739 4223176.789212
-2 -1 -1 37.953120 1688724.025062
-1 0 1 39.618474 1797663.964626
-2 -2 -1 44.551448 313533.215478
-2 -2 -2 45.859020 284502.894157
-2 -1 0 46.019442 220185.743949
-1 -1 1 46.739932 12097.385782
-2 0 0 48.699124 1042280.309790
-2 -2 0 56.025636 649769.930388
-3 -2 -2 59.320297 278728.074265
-3 -1 -1 61.123160 143430.198686
-3 -2 -1 62.177503 803415.167448
-2 0 1 62.895254 11597.014351
-2 -1 1 64.512077 1038039.026801
-3 -3 -2 67.433888 233142.692994
-3 -1 0 70.784046 728600.076012
-3 -3 -3 71.520879 86443.913672
-2 1 1 71.885134 414303.695999
-3 -3 -1 73.707208 163241.254632
-3 -2 0 75.330906 171721.740749
-3 0 0 76.406632 63104.786853
-4 -2 -2 81.137896 149331.288787
-4 -3 -2 84.993616 345023.808030
-2 0 2 85.340689 276481.734277
-4 -3 -3 85.401348 79253.970632
-4 -2 -1 87.085043 221287.323016
-4 -1 -1 89.578913 336978.463887
-3 -1 1 89.694195 43718.917258
-2 -1 2 90.215776 4928.949987
-3 0 1 91.665468 454167.000092
-4 -3 -1 94.337733 214435.625085
-4 -4 -3 95.561217 173460.921191
-3 -2 1 97.484331 353539.363919
-4 -4 -2 98.598928 58635.511419
-4 -1 0 101.896739 89200.461071
-4 -4 -4 102.374171 8069.649967
-4 -2 0 102.846688 256411.576446
-3 1 1 103.500763 1883.166012
-2 -2 2 104.996267 175184.422628
-5 -3 -3 109.062632 137286.329275
-4 0 0 111.096964 141700.494899
-5 -2 -2 111.846293 205013.529114
-5 -3 -2 112.284705 94710.799808
-4 -3 0 114.112587 135301.323105
-3 -3 1 115.838808 36846.000802
-5 -4 -3 116.358567 40135.065242
-3 0 2 117.590599 3147.336792
-3 -1 2 119.238653 296026.054241
-5 -4 -4 120.110828 142759.314082
-5 -2 -1 122.345272 145343.205938
-5 -4 -2 123.799879 239557.701031
-4 -1 1 126.131444 251667.974405
-5 -3 -1 126.999655 183309.230393
-3 1 2 127.433934 296211.583878
-5 -1 -1 129.659463 61837.984464
-4 -2 1 131.723239 68611.874499
-4 0 1 133.136570 52299.596328
-5 -5 -4 136.832310 3976.785005
-5 -5 -3 137.001079 140249.952268
-4 -4 0 139.881410 73895.545846
-5 -4 -1 146.991926 96269.058383
-5 -2 0 150.217318 149153.921765
-5 -5 -5 153.810070 64475.559825
-6 -3 -3 154.604900 50443.184567
-5 -1 0 155.702327 556522.047173
-3 2 2 157.299581 2176.915776
-4 1 1 161.411620 244448.406014
-6 -4 -4 163.545881 7487.828076
-6 -4 -3 163.957892 539657.196289
-5 -3 0 173.936097 703091.257742

Start of a new data set 
The energy is8048.3
 h k l 2theta Intensity
-1 -1 -1 22.465985 199681.662373
-1 0 0 23.793806 60044.960972
-1 -1 0 27.163739 4223176.789212
-2 -1 -1 37.953120 1688724.025062
-1 0 1 39.618474 1797663.964626
-2 -2 -1 44.551448 313533.215478
-2 -2 -2 45.859020 284502.894157
-2 -1 0 46.019442 220185.743949
-1 -1 1 46.739932 12097.385782
-2 0 0 48.699124 1042280.309790
-2 -2 0 56.025636 649769.930388
-3 -2 -2 59.320297 278728.074265
-3 -1 -1 61.123160 143430.198686
-3 -2 -1 62.177503 803415.167448
-2 0 1 62.895254 11597.014351
-2 -1 1 64.512077 1038039.026801
-3 -3 -2 67.433888 233142.692994
-3 -1 0 70.784046 728600.076012
-3 -3 -3 71.520879 86443.913672
-2 1 1 71.885134 414303.695999
-3 -3 -1 73.707208 163241.254632
-3 -2 0 75.330906 171721.740749
-3 0 0 76.406632 63104.786853
-4 -2 -2 81.137896 149331.288787
-4 -3 -2 84.993616 345023.808030
-2 0 2 85.340689 276481.734277
-4 -3 -3 85.401348 79253.970632
-4 -2 -1 87.085043 221287.323016
-4 -1 -1 89.578913 336978.463887
-3 -1 1 89.694195 43718.917258
-2 -1 2 90.215776 4928.949987
-3 0 1 91.665468 454167.000092
-4 -3 -1 94.337733 214435.625085
-4 -4 -3 95.561217 173460.921191
-3 -2 1 97.484331 353539.363919
-4 -4 -2 98.598928 58635.511419
-4 -1 0 101.896739 89200.461071
-4 -4 -4 102.374171 8069.649967
-4 -2 0 102.846688 256411.576446
-3 1 1 103.500763 1883.166012
-2 -2 2 104.996267 175184.422628
-5 -3 -3 109.062632 137286.329275
-4 0 0 111.096964 141700.494899
-5 -2 -2 111.846293 205013.529114
-5 -3 -2 112.284705 94710.799808
-4 -3 0 114.112587 135301.323105
-3 -3 1 115.838808 36846.000802
-5 -4 -3 116.358567 40135.065242
-3 0 2 117.590599 3147.336792
-3 -1 2 119.238653 296026.054241
-5 -4 -4 120.110828 142759.314082
-5 -2 -1 122.345272 145343.205938
-5 -4 -2 123.799879 239557.701031
-4 -1 1 126.131444 251667.974405
-5 -3 -1 126.999655 183309.230393
-3 1 2 127.433934 296211.583878
-5 -1 -1 129.659463 61837.984464
-4 -2 1 131.723239 68611.874499
-4 0 1 133.136570 52299.596328
-5 -5 -4 136.832310 3976.785005
-5 -5 -3 137.001079 140249.952268
-4 -4 0 139.881410 73895.545846
-5 -4 -1 146.991926 96269.058383
-5 -2 0 150.217318 149153.921765
-5 -5 -5 153.810070 64475.559825
-6 -3 -3 154.604900 50443.184567
-5 -1 0 155.702327 556522.047173
-3 2 2 157.299581 2176.915776
-4 1 1 161.411620 244448.406014
-6 -4 -4 163.545881 7487.828076
-6 -4 -3 163.957892 539657.196289
-5 -3 0 173.936097 703091.257742

Start of a new data set 
The energy is8048.3
 h k l 2theta Intensity
-1 -1 -1 22.465985 199681.662373
-1 0 0 23.793806 60044.960972
-1 -1 0 27.163739 4223176.789212
-2 -1 -1 37.953120 1688724.025062
-1 0 1 39.618474 1797663.964626
-2 -2 -1 44.551448 313533.215478
-2 -2 -2 45.859020 284502.894157
-2 -1 0 46.019442 220185.743949
-1 -1 1 46.739932 12097.385782
-2 0 0 48.699124 1042280.309790
-2 -2 0 56.025636 649769.930388
-3 -2 -2 59.320297 278728.074265
-3 -1 -1 61.123160 143430.198686
-3 -2 -1 62.177503 803415.167448
-2 0 1 62.895254 11597.014351
-2 -1 1 64.512077 1038039.026801
-3 -3 -2 67.433888 233142.692994
-3 -1 0 70.784046 728600.076012
-3 -3 -3 71.520879 86443.913672
-2 1 1 71.885134 414303.695999
-3 -3 -1 73.707208 163241.254632
-3 -2 0 75.330906 171721.740749
-3 0 0 76.406632 63104.786853
-4 -2 -2 81.137896 149331.288787
-4 -3 -2 84.993616 345023.808030
-2 0 2 85.340689 276481.734277
-4 -3 -3 85.401348 79253.970632
-4 -2 -1 87.085043 221287.323016
-4 -1 -1 89.578913 336978.463887
-3 -1 1 89.694195 43718.917258
-2 -1 2 90.215776 4928.949987
-3 0 1 91.665468 454167.000092
-4 -3 -1 94.337733 214435.625085
-4 -4 -3 95.561217 173460.921191
-3 -2 1 97.484331 353539.363919
-4 -4 -2 98.598928 58635.511419
-4 -1 0 101.896739 89200.461071
-4 -4 -4 102.374171 8069.649967
-4 -2 0 102.846688 256411.576446
-3 1 1 103.500763 1883.166012
-2 -2 2 104.996267 175184.422628
-5 -3 -3 109.062632 137286.329275
-4 0 0 111.096964 141700.494899
-5 -2 -2 111.846293 205013.529114
-5 -3 -2 112.284705 94710.799808
-4 -3 0 114.112587 135301.323105
-3 -3 1 115.838808 36846.000802
-5 -4 -3 116.358567 40135.065242
-3 0 2 117.590599 3147.336792
-3 -1 2 119.238653 296026.054241
-5 -4 -4 120.110828 142759.314082
-5 -2 -1 122.345272 145343.205938
-5 -4 -2 123.799879 239557.701031
-4 -1 1 126.131444 251667.974405
-5 -3 -1 126.999655 183309.230393
-3 1 2 127.433934 296211.583878
-5 -1 -1 129.659463 61837.984464
-4 -2 1 131.723239 68611.874499
-4 0 1 133.136570 52299.596328
-5 -5 -4 136.832310 3976.785005
-5 -5 -3 137.001079 140249.952268
-4 -4 0 139.881410 73895.545846
-5 -4 -1 146.991926 96269.058383
-5 -2 0 150.217318 149153.921765
-5 -5 -5 153.810070 64475.559825
-6 -3 -3 154.604900 50443.184567
-5 -1 0 155.702327 556522.047173
-3 2 2 157.299581 2176.915776
-4 1 1 161.411620 244448.406014
-6 -4 -4 163.545881 7487.828076
-6 -4 -3 163.957892 539657.196289
-5 -3 0 173.936097 703091.257742

Start of a new data set 
The energy is8048.3
 h k l 2theta Intensity
-1 -1 -1 22.465985 199681.662373
-1 0 0 23.793806 60044.960972
-1 -1 0 27.163739 4223176.789212
-2 -1 -1 37.953120 1688724.025062
-1 0 1 39.618474 1797663.964626
-2 -2 -1 44.551448 313533.215478
-2 -2 -2 45.859020 284502.894157
-2 -1 0 46.019442 220185.743949
-1 -1 1 46.739932 12097.385782
-2 0 0 48.699124 1042280.309790
-2 -2 0 56.025636 649769.930388
-3 -2 -2 59.320297 278728.074265
-3 -1 -1 61.123160 143430.198686
-3 -2 -1 62.177503 803415.167448
-2 0 1 62.895254 11597.014351
-2 -1 1 64.512077 1038039.026801
-3 -3 -2 67.433888 233142.692994
-3 -1 0 70.784046 728600.076012
-3 -3 -3 71.520879 86443.913672
-2 1 1 71.885134 414303.695999
-3 -3 -1 73.707208 163241.254632
-3 -2 0 75.330906 171721.740749
-3 0 0 76.406632 63104.786853
-4 -2 -2 81.137896 149331.288787
-4 -3 -2 84.993616 345023.808030
-2 0 2 85.340689 276481.734277
-4 -3 -3 85.401348 79253.970632
-4 -2 -1 87.085043 221287.323016
-4 -1 -1 89.578913 336978.463887
-3 -1 1 89.694195 43718.917258
-2 -1 2 90.215776 4928.949987
-3 0 1 91.665468 454167.000092
-4 -3 -1 94.337733 214435.625085
-4 -4 -3 95.561217 173460.921191
-3 -2 1 97.484331 353539.363919
-4 -4 -2 98.598928 58635.511419
-4 -1 0 101.896739 89200.461071
-4 -4 -4 102.374171 8069.649967
-4 -2 0 102.846688 256411.576446
-3 1 1 103.500763 1883.166012
-2 -2 2 104.996267 175184.422628
-5 -3 -3 109.062632 137286.329275
-4 0 0 111.096964 141700.494899
-5 -2 -2 111.846293 205013.529114
-5 -3 -2 112.284705 94710.799808
-4 -3 0 114.112587 135301.323105
-3 -3 1 115.838808 36846.000802
-5 -4 -3 116.358567 40135.065242
-3 0 2 117.590599 3147.336792
-3 -1 2 119.238653 296026.054241
-5 -4 -4 120.110828 142759.314082
-5 -2 -1 122.345272 145343.205938
-5 -4 -2 123.799879 239557.701031
-4 -1 1 126.131444 251667.974405
-5 -3 -1 126.999655 183309.230393
-3 1 2 127.433934 296211.583878
-5 -1 -1 129.659463 61837.984464
-4 -2 1 131.723239 68611.874499
-4 0 1 133.136570 52299.596328
-5 -5 -4 136.832310 3976.785005
-5 -5 -3 137.001079 140249.952268
-4 -4 0 139.881410 73895.545846
-5 -4 -1 146.991926 96269.058383
-5 -2 0 150.217318 149153.921765
-5 -5 -5 153.810070 64475.559825
-6 -3 -3 154.604900 50443.184567
-5 -1 0 155.702327 556522.047173
-3 2 2 157.299581 2176.915776
-4 1 1 161.411620 244448.406014
-6 -4 -4 163.545881 7487.828076
-6 -4 -3 163.957892 539657.196289
-5 -3 0 173.936097 703091.257742

Start of a new data set 
The energy is8048.3
 h k l 2theta Intensity
-1 -1 -1 22.465985 199681.662373
-1 0 0 23.793806 60044.960972
-1 -1 0 27.163739 4223176.789212
-2 -1 -1 37.953120 1688724.025062
-1 0 1 39.618474 1797663.964626
-2 -2 -1 44.551448 313533.215478
-2 -2 -2 45.859020 284502.894157
-2 -1 0 46.019442 220185.743949
-1 -1 1 46.739932 12097.385782
-2 0 0 48.699124 1042280.309790
-2 -2 0 56.025636 649769.930388
-3 -2 -2 59.320297 278728.074265
-3 -1 -1 61.123160 143430.198686
-3 -2 -1 62.177503 803415.167448
-2 0 1 62.895254 11597.014351
-2 -1 1 64.512077 1038039.026801
-3 -3 -2 67.433888 233142.692994
-3 -1 0 70.784046 728600.076012
-3 -3 -3 71.520879 86443.913672
-2 1 1 71.885134 414303.695999
-3 -3 -1 73.707208 163241.254632
-3 -2 0 75.330906 171721.740749
-3 0 0 76.406632 63104.786853
-4 -2 -2 81.137896 149331.288787
-4 -3 -2 84.993616 345023.808030
-2 0 2 85.340689 276481.734277
-4 -3 -3 85.401348 79253.970632
-4 -2 -1 87.085043 221287.323016
-4 -1 -1 89.578913 336978.463887
-3 -1 1 89.694195 43718.917258
-2 -1 2 90.215776 4928.949987
-3 0 1 91.665468 454167.000092
-4 -3 -1 94.337733 214435.625085
-4 -4 -3 95.561217 173460.921191
-3 -2 1 97.484331 353539.363919
-4 -4 -2 98.598928 58635.511419
-4 -1 0 101.896739 89200.461071
-4 -4 -4 102.374171 8069.649967
-4 -2 0 102.846688 256411.576446
-3 1 1 103.500763 1883.166012
-2 -2 2 104.996267 175184.422628
-5 -3 -3 109.062632 137286.329275
-4 0 0 111.096964 141700.494899
-5 -2 -2 111.846293 205013.529114
-5 -3 -2 112.284705 94710.799808
-4 -3 0 114.112587 135301.323105
-3 -3 1 115.838808 36846.000802
-5 -4 -3 116.358567 40135.065242
-3 0 2 117.590599 3147.336792
-3 -1 2 119.238653 296026.054241
-5 -4 -4 120.110828 142759.314082
-5 -2 -1 122.345272 145343.205938
-5 -4 -2 123.799879 239557.701031
-4 -1 1 126.131444 251667.974405
-5 -3 -1 126.999655 183309.230393
-3 1 2 127.433934 296211.583878
-5 -1 -1 129.659463 61837.984464
-4 -2 1 131.723239 68611.874499
-4 0 1 133.136570 52299.596328
-5 -5 -4 136.832310 3976.785005
-5 -5 -3 137.001079 140249.952268
-4 -4 0 139.881410 73895.545846
-5 -4 -1 146.991926 96269.058383
-5 -2 0 150.217318 149153.921765
-5 -5 -5 153.810070 64475.559825
-6 -3 -3 154.604900 50443.184567
-5 -1 0 155.702327 556522.047173
-3 2 2 157.299581 2176.915776
-4 1 1 161.411620 244448.406014
-6 -4 -4 163.545881 7487.828076
-6 -4 -3 163.957892 539657.196289
-5 -3 0 173.936097 703091.257742

Start of a new data set 
The energy is8048.3
 h k l 2theta Intensity
-1 -1 -1 22.465985 199681.662373
-1 0 0 23.793806 60044.960972
-1 -1 0 27.163739 4223176.789212
-2 -1 -1 37.953120 1688724.025062
-1 0 1 39.618474 1797663.964626
-2 -2 -1 44.551448 313533.215478
-2 -2 -2 45.859020 284502.894157
-2 -1 0 46.019442 220185.743949
-1 -1 1 46.739932 12097.385782
-2 0 0 48.699124 1042280.309790
-2 -2 0 56.025636 649769.930388
-3 -2 -2 59.320297 278728.074265
-3 -1 -1 61.123160 143430.198686
-3 -2 -1 62.177503 803415.167448
-2 0 1 62.895254 11597.014351
-2 -1 1 64.512077 1038039.026801
-3 -3 -2 67.433888 233142.692994
-3 -1 0 70.784046 728600.076012
-3 -3 -3 71.520879 86443.913672
-2 1 1 71.885134 414303.695999
-3 -3 -1 73.707208 163241.254632
-3 -2 0 75.330906 171721.740749
-3 0 0 76.406632 63104.786853
-4 -2 -2 81.137896 149331.288787
-4 -3 -2 84.993616 345023.808030
-2 0 2 85.340689 276481.734277
-4 -3 -3 85.401348 79253.970632
-4 -2 -1 87.085043 221287.323016
-4 -1 -1 89.578913 336978.463887
-3 -1 1 89.694195 43718.917258
-2 -1 2 90.215776 4928.949987
-3 0 1 91.665468 454167.000092
-4 -3 -1 94.337733 214435.625085
-4 -4 -3 95.561217 173460.921191
-3 -2 1 97.484331 353539.363919
-4 -4 -2 98.598928 58635.511419
-4 -1 0 101.896739 89200.461071
-4 -4 -4 102.374171 8069.649967
-4 -2 0 102.846688 256411.576446
-3 1 1 103.500763 1883.166012
-2 -2 2 104.996267 175184.422628
-5 -3 -3 109.062632 137286.329275
-4 0 0 111.096964 141700.494899
-5 -2 -2 111.846293 205013.529114
-5 -3 -2 112.284705 94710.799808
-4 -3 0 114.112587 135301.323105
-3 -3 1 115.838808 36846.000802
-5 -4 -3 116.358567 40135.065242
-3 0 2 117.590599 3147.336792
-3 -1 2 119.238653 296026.054241
-5 -4 -4 120.110828 142759.314082
-5 -2 -1 122.345272 145343.205938
-5 -4 -2 123.799879 239557.701031
-4 -1 1 126.131444 251667.974405
-5 -3 -1 126.999655 183309.230393
-3 1 2 127.433934 296211.583878
-5 -1 -1 129.659463 61837.984464
-4 -2 1 131.723239 68611.874499
-4 0 1 133.136570 52299.596328
-5 -5 -4 136.832310 3976.785005
-5 -5 -3 137.001079 140249.952268
-4 -4 0 139.881410 73895.545846
-5 -4 -1 146.991926 96269.058383
-5 -2 0 150.217318 149153.921765
-5 -5 -5 153.810070 64475.559825
-6 -3 -3 154.604900 50443.184567
-5 -1 0 155.702327 556522.047173
-3 2 2 157.299581 2176.915776
-4 1 1 161.411620 244448.406014
-6 -4 -4 163.545881 7487.828076
-6 -4 -3 163.957892 539657.196289
-5 -3 0 173.936097 703091.257742

Start of a new data set 
The energy is8048.3
 h k l 2theta Intensity
-1 -1 -1 22.465985 199681.662373
-1 0 0 23.793806 60044.960972
-1 -1 0 27.163739 4223176.789212
-2 -1 -1 37.953120 1688724.025062
-1 0 1 39.618474 1797663.964626
-2 -2 -1 44.551448 313533.215478
-2 -2 -2 45.859020 284502.894157
-2 -1 0 46.019442 220185.743949
-1 -1 1 46.739932 12097.385782
-2 0 0 48.699124 1042280.309790
-2 -2 0 56.025636 649769.930388
-3 -2 -2 59.320297 278728.074265
-3 -1 -1 61.123160 143430.198686
-3 -2 -1 62.177503 803415.167448
-2 0 1 62.895254 11597.014351
-2 -1 1 64.512077 1038039.026801
-3 -3 -2 67.433888 233142.692994
-3 -1 0 70.784046 728600.076012
-3 -3 -3 71.520879 86443.913672
-2 1 1 71.885134 414303.695999
-3 -3 -1 73.707208 163241.254632
-3 -2 0 75.330906 171721.740749
-3 0 0 76.406632 63104.786853
-4 -2 -2 81.137896 149331.288787
-4 -3 -2 84.993616 345023.808030
-2 0 2 85.340689 276481.734277
-4 -3 -3 85.401348 79253.970632
-4 -2 -1 87.085043 221287.323016
-4 -1 -1 89.578913 336978.463887
-3 -1 1 89.694195 43718.917258
-2 -1 2 90.215776 4928.949987
-3 0 1 91.665468 454167.000092
-4 -3 -1 94.337733 214435.625085
-4 -4 -3 95.561217 173460.921191
-3 -2 1 97.484331 353539.363919
-4 -4 -2 98.598928 58635.511419
-4 -1 0 101.896739 89200.461071
-4 -4 -4 102.374171 8069.649967
-4 -2 0 102.846688 256411.576446
-3 1 1 103.500763 1883.166012
-2 -2 2 104.996267 175184.422628
-5 -3 -3 109.062632 137286.329275
-4 0 0 111.096964 141700.494899
-5 -2 -2 111.846293 205013.529114
-5 -3 -2 112.284705 94710.799808
-4 -3 0 114.112587 135301.323105
-3 -3 1 115.838808 36846.000802
-5 -4 -3 116.358567 40135.065242
-3 0 2 117.590599 3147.336792
-3 -1 2 119.238653 296026.054241
-5 -4 -4 120.110828 142759.314082
-5 -2 -1 122.345272 145343.205938
-5 -4 -2 123.799879 239557.701031
-4 -1 1 126.131444 251667.974405
-5 -3 -1 126.999655 183309.230393
-3 1 2 127.433934 296211.583878
-5 -1 -1 129.659463 61837.984464
-4 -2 1 131.723239 68611.874499
-4 0 1 133.136570 52299.596328
-5 -5 -4 136.832310 3976.785005
-5 -5 -3 137.001079 140249.952268
-4 -4 0 139.881410 73895.545846
-5 -4 -1 146.991926 96269.058383
-5 -2 0 150.217318 149153.921765
-5 -5 -5 153.810070 64475.559825
-6 -3 -3 154.604900 50443.184567
-5 -1 0 155.702327 556522.047173
-3 2 2 157.299581 2176.915776
-4 1 1 161.411620 244448.406014
-6 -4 -4 163.545881 7487.828076
-6 -4 -3 163.957892 539657.196289
-5 -3 0 173.936097 703091.257742

Start of a new data set 
The energy is8048.3
 h k l 2theta Intensity
-1 -1 -1 22.465985 199681.662373
-1 0 0 23.793806 60044.960972
-1 -1 0 27.163739 4223176.789212
-2 -1 -1 37.953120 1688724.025062
-1 0 1 39.618474 1797663.964626
-2 -2 -1 44.551448 313533.215478
-2 -2 -2 45.859020 284502.894157
-2 -1 0 46.019442 220185.743949
-1 -1 1 46.739932 12097.385782
-2 0 0 48.699124 1042280.309790
-2 -2 0 56.025636 649769.930388
-3 -2 -2 59.320297 278728.074265
-3 -1 -1 61.123160 143430.198686
-3 -2 -1 62.177503 803415.167448
-2 0 1 62.895254 11597.014351
-2 -1 1 64.512077 1038039.026801
-3 -3 -2 67.433888 233142.692994
-3 -1 0 70.784046 728600.076012
-3 -3 -3 71.520879 86443.913672
-2 1 1 71.885134 414303.695999
-3 -3 -1 73.707208 163241.254632
-3 -2 0 75.330906 171721.740749
-3 0 0 76.406632 63104.786853
-4 -2 -2 81.137896 149331.288787
-4 -3 -2 84.993616 345023.808030
-2 0 2 85.340689 276481.734277
-4 -3 -3 85.401348 79253.970632
-4 -2 -1 87.085043 221287.323016
-4 -1 -1 89.578913 336978.463887
-3 -1 1 89.694195 43718.917258
-2 -1 2 90.215776 4928.949987
-3 0 1 91.665468 454167.000092
-4 -3 -1 94.337733 214435.625085
-4 -4 -3 95.561217 173460.921191
-3 -2 1 97.484331 353539.363919
-4 -4 -2 98.598928 58635.511419
-4 -1 0 101.896739 89200.461071
-4 -4 -4 102.374171 8069.649967
-4 -2 0 102.846688 256411.576446
-3 1 1 103.500763 1883.166012
-2 -2 2 104.996267 175184.422628
-5 -3 -3 109.062632 137286.329275
-4 0 0 111.096964 141700.494899
-5 -2 -2 111.846293 205013.529114
-5 -3 -2 112.284705 94710.799808
-4 -3 0 114.112587 135301.323105
-3 -3 1 115.838808 36846.000802
-5 -4 -3 116.358567 40135.065242
-3 0 2 117.590599 3147.336792
-3 -1 2 119.238653 296026.054241
-5 -4 -4 120.110828 142759.314082
-5 -2 -1 122.345272 145343.205938
-5 -4 -2 123.799879 239557.701031
-4 -1 1 126.131444 251667.974405
-5 -3 -1 126.999655 183309.230393
-3 1 2 127.433934 296211.583878
-5 -1 -1 129.659463 61837.984464
-4 -2 1 131.723239 68611.874499
-4 0 1 133.136570 52299.596328
-5 -5 -4 136.832310 3976.785005
-5 -5 -3 137.001079 140249.952268
-4 -4 0 139.881410 73895.545846
-5 -4 -1 146.991926 96269.058383
-5 -2 0 150.217318 149153.921765
-5 -5 -5 153.810070 64475.559825
-6 -3 -3 154.604900 50443.184567
-5 -1 0 155.702327 556522.047173
-3 2 2 157.299581 2176.915776
-4 1 1 161.411620 244448.406014
-6 -4 -4 163.545881 7487.828076
-6 -4 -3 163.957892 539657.196289
-5 -3 0 173.936097 703091.257742

Start of a new data set 
The energy is8048.3
 h k l 2theta Intensity
-1 -1 -1 22.465985 199681.662373
-1 0 0 23.793806 60044.960972
-1 -1 0 27.163739 4223176.789212
-2 -1 -1 37.953120 1688724.025062
-1 0 1 39.618474 1797663.964626
-2 -2 -1 44.551448 313533.215478
-2 -2 -2 45.859020 284502.894157
-2 -1 0 46.019442 220185.743949
-1 -1 1 46.739932 12097.385782
-2 0 0 48.699124 1042280.309790
-2 -2 0 56.025636 649769.930388
-3 -2 -2 59.320297 278728.074265
-3 -1 -1 61.123160 143430.198686
-3 -2 -1 62.177503 803415.167448
-2 0 1 62.895254 11597.014351
-2 -1 1 64.512077 1038039.026801
-3 -3 -2 67.433888 233142.692994
-3 -1 0 70.784046 728600.076012
-3 -3 -3 71.520879 86443.913672
-2 1 1 71.885134 414303.695999
-3 -3 -1 73.707208 163241.254632
-3 -2 0 75.330906 171721.740749
-3 0 0 76.406632 63104.786853
-4 -2 -2 81.137896 149331.288787
-4 -3 -2 84.993616 345023.808030
-2 0 2 85.340689 276481.734277
-4 -3 -3 85.401348 79253.970632
-4 -2 -1 87.085043 221287.323016
-4 -1 -1 89.578913 336978.463887
-3 -1 1 89.694195 43718.917258
-2 -1 2 90.215776 4928.949987
-3 0 1 91.665468 454167.000092
-4 -3 -1 94.337733 214435.625085
-4 -4 -3 95.561217 173460.921191
-3 -2 1 97.484331 353539.363919
-4 -4 -2 98.598928 58635.511419
-4 -1 0 101.896739 89200.461071
-4 -4 -4 102.374171 8069.649967
-4 -2 0 102.846688 256411.576446
-3 1 1 103.500763 1883.166012
-2 -2 2 104.996267 175184.422628
-5 -3 -3 109.062632 137286.329275
-4 0 0 111.096964 141700.494899
-5 -2 -2 111.846293 205013.529114
-5 -3 -2 112.284705 94710.799808
-4 -3 0 114.112587 135301.323105
-3 -3 1 115.838808 36846.000802
-5 -4 -3 116.358567 40135.065242
-3 0 2 117.590599 3147.336792
-3 -1 2 119.238653 296026.054241
-5 -4 -4 120.110828 142759.314082
-5 -2 -1 122.345272 145343.205938
-5 -4 -2 123.799879 239557.701031
-4 -1 1 126.131444 251667.974405
-5 -3 -1 126.999655 183309.230393
-3 1 2 127.433934 296211.583878
-5 -1 -1 129.659463 61837.984464
-4 -2 1 131.723239 68611.874499
-4 0 1 133.136570 52299.596328
-5 -5 -4 136.832310 3976.785005
-5 -5 -3 137.001079 140249.952268
-4 -4 0 139.881410 73895.545846
-5 -4 -1 146.991926 96269.058383
-5 -2 0 150.217318 149153.921765
-5 -5 -5 153.810070 64475.559825
-6 -3 -3 154.604900 50443.184567
-5 -1 0 155.702327 556522.047173
-3 2 2 157.299581 2176.915776
-4 1 1 161.411620 244448.406014
-6 -4 -4 163.545881 7487.828076
-6 -4 -3 163.957892 539657.196289
-5 -3 0 173.936097 703091.257742

Start of a new data set 
The energy is8048.3
 h k l 2theta Intensity
-1 -1 -1 22.465985 199681.662373
-1 0 0 23.793806 60044.960972
-1 -1 0 27.163739 4223176.789212
-2 -1 -1 37.953120 1688724.025062
-1 0 1 39.618474 1797663.964626
-2 -2 -1 44.551448 313533.215478
-2 -2 -2 45.859020 284502.894157
-2 -1 0 46.019442 220185.743949
-1 -1 1 46.739932 12097.385782
-2 0 0 48.699124 1042280.309790
-2 -2 0 56.025636 649769.930388
-3 -2 -2 59.320297 278728.074265
-3 -1 -1 61.123160 143430.198686
-3 -2 -1 62.177503 803415.167448
-2 0 1 62.895254 11597.014351
-2 -1 1 64.512077 1038039.026801
-3 -3 -2 67.433888 233142.692994
-3 -1 0 70.784046 728600.076012
-3 -3 -3 71.520879 86443.913672
-2 1 1 71.885134 414303.695999
-3 -3 -1 73.707208 163241.254632
-3 -2 0 75.330906 171721.740749
-3 0 0 76.406632 63104.786853
-4 -2 -2 81.137896 149331.288787
-4 -3 -2 84.993616 345023.808030
-2 0 2 85.340689 276481.734277
-4 -3 -3 85.401348 79253.970632
-4 -2 -1 87.085043 221287.323016
-4 -1 -1 89.578913 336978.463887
-3 -1 1 89.694195 43718.917258
-2 -1 2 90.215776 4928.949987
-3 0 1 91.665468 454167.000092
-4 -3 -1 94.337733 214435.625085
-4 -4 -3 95.561217 173460.921191
-3 -2 1 97.484331 353539.363919
-4 -4 -2 98.598928 58635.511419
-4 -1 0 101.896739 89200.461071
-4 -4 -4 102.374171 8069.649967
-4 -2 0 102.846688 256411.576446
-3 1 1 103.500763 1883.166012
-2 -2 2 104.996267 175184.422628
-5 -3 -3 109.062632 137286.329275
-4 0 0 111.096964 141700.494899
-5 -2 -2 111.846293 205013.529114
-5 -3 -2 112.284705 94710.799808
-4 -3 0 114.112587 135301.323105
-3 -3 1 115.838808 36846.000802
-5 -4 -3 116.358567 40135.065242
-3 0 2 117.590599 3147.336792
-3 -1 2 119.238653 296026.054241
-5 -4 -4 120.110828 142759.314082
-5 -2 -1 122.345272 145343.205938
-5 -4 -2 123.799879 239557.701031
-4 -1 1 126.131444 251667.974405
-5 -3 -1 126.999655 183309.230393
-3 1 2 127.433934 296211.583878
-5 -1 -1 129.659463 61837.984464
-4 -2 1 131.723239 68611.874499
-4 0 1 133.136570 52299.596328
-5 -5 -4 136.832310 3976.785005
-5 -5 -3 137.001079 140249.952268
-4 -4 0 139.881410 73895.545846
-5 -4 -1 146.991926 96269.058383
-5 -2 0 150.217318 149153.921765
-5 -5 -5 153.810070 64475.559825
-6 -3 -3 154.604900 50443.184567
-5 -1 0 155.702327 556522.047173
-3 2 2 157.299581 2176.915776
-4 1 1 161.411620 244448.406014
-6 -4 -4 163.545881 7487.828076
-6 -4 -3 163.957892 539657.196289
-5 -3 0 173.936097 703091.257742

Start of a new data set 
The energy is8048.3
 h k l 2theta Intensity
-1 -1 -1 22.465985 188682.133028
-1 0 0 23.793806 56355.745684
-1 -1 0 27.163739 3890341.584175
-2 -1 -1 37.953120 1445789.000396
-1 0 1 39.618474 1519425.535660
-2 -2 -1 44.551448 254674.155812
-2 -2 -2 45.859020 228593.499427
-2 -1 0 46.019442 176678.488759
-1 -1 1 46.739932 9648.540804
-2 0 0 48.699124 817655.921257
-2 -2 0 56.025636 479193.034235
-3 -2 -2 59.320297 200153.367840
-3 -1 -1 61.123160 101570.260583
-3 -2 -1 62.177503 564468.803961
-2 0 1 62.895254 8105.303796
-2 -1 1 64.512077 717285.072950
-3 -3 -2 67.433888 158094.513694
-3 -1 0 70.784046 485127.775581
-3 -3 -3 71.520879 57358.761861
-2 1 1 71.885134 274458.650161
-3 -3 -1 73.707208 107353.671629
-3 -2 0 75.330906 112339.835247
-3 0 0 76.406632 41168.480631
-4 -2 -2 81.137896 96938.927874
-4 -3 -2 84.993616 225216.258098
-2 0 2 85.340689 180646.050072
-4 -3 -3 85.401348 51791.480291
-4 -2 -1 87.085043 145440.993489
-4 -1 -1 89.578913 224115.413510
-3 -1 1 89.694195 29095.012317
-2 -1 2 90.215776 3290.143475
-3 0 1 91.665468 305998.248643
-4 -3 -1 94.337733 147493.477173
-4 -4 -3 95.561217 120623.139182
-3 -2 1 97.484331 250571.150354
-4 -4 -2 98.598928 42060.466283
-4 -1 0 101.896739 66568.484777
-4 -4 -4 102.374171 6059.670575
-4 -2 0 102.846688 193751.532641
-3 1 1 103.500763 1435.585663
-2 -2 2 104.996267 136371.557117
-5 -3 -3 109.062632 113660.920645
-4 0 0 111.096964 121254.787215
-5 -2 -2 111.846293 177635.144210
-5 -3 -2 112.284705 82669.836260
-4 -3 0 114.112587 121848.098316
-3 -3 1 115.838808 34198.472916
-5 -4 -3 116.358567 37595.024889
-3 0 2 117.590599 3013.554791
-3 -1 2 119.238653 291972.907552
-5 -4 -4 120.110828 143046.640006
-5 -2 -1 122.345272 151682.519301
-5 -4 -2 123.799879 256734.561053
-4 -1 1 126.131444 281424.006807
-5 -3 -1 126.999655 208239.858628
-3 1 2 127.433934 339154.589712
-5 -1 -1 129.659463 73695.696012
-4 -2 1 131.723239 84818.021030
-4 0 1 133.136570 66270.318199
-5 -5 -4 136.832310 5366.110987
-5 -5 -3 137.001079 189778.770458
-4 -4 0 139.881410 104781.641894
-5 -4 -1 146.991926 151724.623256
-5 -2 0 150.217318 245307.572945
-5 -5 -5 153.810070 110709.119621
-6 -3 -3 154.604900 87386.893110
-5 -1 0 155.702327 975607.669440
-3 2 2 157.299581 3879.369191
-4 1 1 161.411620 452261.269142
-6 -4 -4 163.545881 14086.471636
-6 -4 -3 163.957892 1018276.581639
-5 -3 0 173.936097 1394435.358697

Start of a new data set 
The energy is8048.3
 h k l 2theta Intensity
-1 -1 -1 22.465985 188682.133028
-1 0 0 23.793806 56355.745684
-1 -1 0 27.163739 3890341.584175
-2 -1 -1 37.953120 1445789.000396
-1 0 1 39.618474 1519425.535660
-2 -2 -1 44.551448 254674.155812
-2 -2 -2 45.859020 228593.499427
-2 -1 0 46.019442 176678.488759
-1 -1 1 46.739932 9648.540804
-2 0 0 48.699124 817655.921257
-2 -2 0 56.025636 479193.034235
-3 -2 -2 59.320297 200153.367840
-3 -1 -1 61.123160 101570.260583
-3 -2 -1 62.177503 564468.803961
-2 0 1 62.895254 8105.303796
-2 -1 1 64.512077 717285.072950
-3 -3 -2 67.433888 158094.513694
-3 -1 0 70.784046 485127.775581
-3 -3 -3 71.520879 57358.761861
-2 1 1 71.885134 274458.650161
-3 -3 -1 73.707208 107353.671629
-3 -2 0 75.330906 112339.835247
-3 0 0 76.406632 41168.480631
-4 -2 -2 81.137896 96938.927874
-4 -3 -2 84.993616 225216.258098
-2 0 2 85.340689 180646.050072
-4 -3 -3 85.401348 51791.480291
-4 -2 -1 87.085043 145440.993489
-4 -1 -1 89.578913 224115.413510
-3 -1 1 89.694195 29095.012317
-2 -1 2 90.215776 3290.143475
-3 0 1 91.665468 305998.248643
-4 -3 -1 94.337733 147493.477173
-4 -4 -3 95.561217 120623.139182
-3 -2 1 97.484331 250571.150354
-4 -4 -2 98.598928 42060.466283
-4 -1 0 101.896739 66568.484777
-4 -4 -4 102.374171 6059.670575
-4 -2 0 102.846688 193751.532641
-3 1 1 103.500763 1435.585663
-2 -2 2 104.996267 136371.557117
-5 -3 -3 109.062632 113660.920645
-4 0 0 111.096964 121254.787215
-5 -2 -2 111.846293 177635.144210
-5 -3 -2 112.284705 82669.836260
-4 -3 0 114.112587 121848.098316
-3 -3 1 115.838808 34198.472916
-5 -4 -3 116.358567 37595.024889
-3 0 2 117.590599 3013.554791
-3 -1 2 119.238653 291972.907552
-5 -4 -4 120.110828 143046.640006
-5 -2 -1 122.345272 151682.519301
-5 -4 -2 123.799879 256734.561053
-4 -1 1 126.131444 281424.006807
-5 -3 -1 126.999655 208239.858628
-3 1 2 127.433934 339154.589712
-5 -1 -1 129.659463 73695.696012
-4 -2 1 131.723239 84818.021030
-4 0 1 133.136570 66270.318199
-5 -5 -4 136.832310 5366.110987
-5 -5 -3 137.001079 189778.770458
-4 -4 0 139.881410 104781.641894
-5 -4 -1 146.991926 151724.623256
-5 -2 0 150.217318 245307.572945
-5 -5 -5 153.810070 110709.119621
-6 -3 -3 154.604900 87386.893110
-5 -1 0 155.702327 975607.669440
-3 2 2 157.299581 3879.369191
-4 1 1 161.411620 452261.269142
-6 -4 -4 163.545881 14086.471636
-6 -4 -3 163.957892 1018276.581639
-5 -3 0 173.936097 1394435.358697

Start of a new data set 
The energy is8048.3
 h k l 2theta Intensity
1 1 1 22.465985 94341.066514
0 0 1 23.793806 28177.872842
0 1 1 27.163739 1945170.792088
1 1 2 37.953120 722894.500198
1 2 2 44.551448 127337.077906
2 2 2 45.859020 114296.749714
0 1 2 46.019442 88339.244379
0 0 2 48.699124 408827.960628
0 2 2 56.025636 239596.517118
2 2 3 59.320297 100076.683920
1 1 3 61.123160 50785.130291
1 2 3 62.177503 282234.401980
2 3 3 67.433888 79047.256847
0 1 3 70.784046 242563.887791
3 3 3 71.520879 28679.380931
1 3 3 73.707208 53676.835814
0 2 3 75.330906 56169.917623
0 0 3 76.406632 10292.120158
2 2 4 81.137896 48469.463937
2 3 4 84.993616 112608.129049
3 3 4 85.401348 25895.740145
1 2 4 87.085043 72720.496744
0 3 3 89.578913 112057.706755
1 3 4 94.337733 73746.738586
3 4 4 95.561217 60311.569591
2 4 4 98.598928 21030.233141
0 1 4 101.896739 33284.242388
4 4 4 102.374171 3029.835288
0 2 4 102.846688 96875.766320
3 3 5 109.062632 56830.460322
0 0 4 111.096964 60627.393607
1 4 4 111.846293 88817.572105
2 3 5 112.284705 41334.918130
0 3 4 114.112587 60924.049158
3 4 5 116.358567 18797.512445
4 4 5 120.110828 71523.320003
1 2 5 122.345272 75841.259651
2 4 5 123.799879 128367.280526
1 3 5 126.999655 104119.929314
1 1 5 129.659463 36847.848006
4 5 5 136.832310 2683.055494
3 5 5 137.001079 94889.385229
0 4 4 139.881410 52390.820947
1 4 5 146.991926 75862.311628
0 2 5 150.217318 122653.786473
5 5 5 153.810070 55354.559811
2 5 5 154.604900 43693.446555
0 1 5 155.702327 243901.917360
4 4 6 163.545881 7043.235818
3 4 6 163.957892 509138.290819
0 3 5 173.936097 697217.679349

Start of a new data set 
The energy is8048.3
 h k l 2theta Intensity
-1 -1 -1 22.465985 188682.133028
-1 0 0 23.793806 56355.745684
-1 -1 0 27.163739 3890341.584175
-2 -1 -1 37.953120 1445789.000396
-1 0 1 39.618474 1519425.535660
-2 -2 -1 44.551448 254674.155812
-2 -2 -2 45.859020 228593.499427
-2 -1 0 46.019442 176678.488759
-1 -1 1 46.739932 9648.540804
-2 0 0 48.699124 817655.921257
-2 -2 0 56.025636 479193.034235
-3 -2 -2 59.320297 200153.367840
-3 -1 -1 61.123160 101570.260583
-3 -2 -1 62.177503 564468.803961
-2 0 1 62.895254 8105.303796
-2 -1 1 64.512077 717285.072950
-3 -3 -2 67.433888 158094.513694
-3 -1 0 70.784046 485127.775581
-3 -3 -3 71.520879 57358.761861
-2 1 1 71.885134 274458.650161
-3 -3 -1 73.707208 107353.671629
-3 -2 0 75.330906 112339.835247
-3 0 0 76.406632 41168.480631
-4 -2 -2 81.137896 96938.927874
-4 -3 -2 84.993616 225216.258098
-2 0 2 85.340689 180646.050072
-4 -3 -3 85.401348 51791.480291
-4 -2 -1 87.085043 145440.993489
-4 -1 -1 89.578913 224115.413510
-3 -1 1 89.694195 29095.012317
-2 -1 2 90.215776 3290.143475
-3 0 1 91.665468 305998.248643
-4 -3 -1 94.337733 147493.477173
-4 -4 -3 95.561217 120623.139182
-3 -2 1 97.484331 250571.150354
-4 -4 -2 98.598928 42060.466283
-4 -1 0 101.896739 66568.484777
-4 -4 -4 102.374171 6059.670575
-4 -2 0 102.846688 193751.532641
-3 1 1 103.500763 1435.585663
-2 -2 2 104.996267 136371.557117
-5 -3 -3 109.062632 113660.920645
-4 0 0 111.096964 121254.787215
-5 -2 -2 111.846293 177635.144210
-5 -3 -2 112.284705 82669.836260
-4 -3 0 114.112587 121848.098316
-3 -3 1 115.838808 34198.472916
-5 -4 -3 116.358567 37595.024889
-3 0 2 117.590599 3013.554791
-3 -1 2 119.238653 291972.907552
-5 -4 -4 120.110828 143046.640006
-5 -2 -1 122.345272 151682.519301
-5 -4 -2 123.799879 256734.561053
-4 -1 1 126.131444 281424.006807
-5 -3 -1 126.999655 208239.858628
-3 1 2 127.433934 339154.589712
-5 -1 -1 129.659463 73695.696012
-4 -2 1 131.723239 84818.021030
-4 0 1 133.136570 66270.318199
-5 -5 -4 136.832310 5366.110987
-5 -5 -3 137.001079 189778.770458
-4 -4 0 139.881410 104781.641894
-5 -4 -1 146.991926 151724.623256
-5 -2 0 150.217318 245307.572945
-5 -5 -5 153.810070 110709.119621
-6 -3 -3 154.604900 87386.893110
-5 -1 0 155.702327 975607.669440
-3 2 2 157.299581 3879.369191
-4 1 1 161.411620 452261.269142
-6 -4 -4 163.545881 14086.471636
-6 -4 -3 163.957892 1018276.581639
-5 -3 0 173.936097 1394435.358697

Start of a new data set 
The energy is8048.3
 h k l 2theta Intensity
-1 -1 -1 22.465985 188682.133028
-1 0 0 23.793806 56355.745684
-1 -1 0 27.163739 3890341.584175
-2 -1 -1 37.953120 1445789.000396
-1 0 1 39.618474 1519425.535660
-2 -2 -1 44.551448 254674.155812
-2 -2 -2 45.859020 228593.499427
-2 -1 0 46.019442 176678.488759
-1 -1 1 46.739932 9648.540804
-2 0 0 48.699124 817655.921257
-2 -2 0 56.025636 479193.034235
-3 -2 -2 59.320297 200153.367840
-3 -1 -1 61.123160 101570.260583
-3 -2 -1 62.177503 564468.803961
-2 0 1 62.895254 8105.303796
-2 -1 1 64.512077 717285.072950
-3 -3 -2 67.433888 158094.513694
-3 -1 0 70.784046 485127.775581
-3 -3 -3 71.520879 57358.761861
-2 1 1 71.885134 274458.650161
-3 -3 -1 73.707208 107353.671629
-3 -2 0 75.330906 112339.835247
-3 0 0 76.406632 41168.480631
-4 -2 -2 81.137896 96938.927874
-4 -3 -2 84.993616 225216.258098
-2 0 2 85.340689 180646.050072
-4 -3 -3 85.401348 51791.480291
-4 -2 -1 87.085043 145440.993489
-4 -1 -1 89.578913 224115.413510
-3 -1 1 89.694195 29095.012317
-2 -1 2 90.215776 3290.143475
-3 0 1 91.665468 305998.248643
-4 -3 -1 94.337733 147493.477173
-4 -4 -3 95.561217 120623.139182
-3 -2 1 97.484331 250571.150354
-4 -4 -2 98.598928 42060.466283
-4 -1 0 101.896739 66568.484777
-4 -4 -4 102.374171 6059.670575
-4 -2 0 102.846688 193751.532641
-3 1 1 103.500763 1435.585663
-2 -2 2 104.996267 136371.557117
-5 -3 -3 109.062632 113660.920645
-4 0 0 111.096964 121254.787215
-5 -2 -2 111.846293 177635.144210
-5 -3 -2 112.284705 82669.836260
-4 -3 0 114.112587 121848.098316
-3 -3 1 115.838808 34198.472916
-5 -4 -3 116.358567 37595.024889
-3 0 2 117.590599 3013.554791
-3 -1 2 119.238653 291972.907552
-5 -4 -4 120.110828 143046.640006
-5 -2 -1 122.345272 151682.519301
-5 -4 -2 123.799879 256734.561053
-4 -1 1 126.131444 281424.006807
-5 -3 -1 126.999655 208239.858628
-3 1 2 127.433934 339154.589712
-5 -1 -1 129.659463 73695.696012
-4 -2 1 131.723239 84818.021030
-4 0 1 133.136570 66270.318199
-5 -5 -4 136.832310 5366.110987
-5 -5 -3 137.001079 189778.770458
-4 -4 0 139.881410 104781.641894
-5 -4 -1 146.991926 151724.623256
-5 -2 0 150.217318 245307.572945
-5 -5 -5 153.810070 110709.119621
-6 -3 -3 154.604900 87386.893110
-5 -1 0 155.702327 975607.669440
-3 2 2 157.299581 3879.369191
-4 1 1 161.411620 452261.269142
-6 -4 -4 163.545881 14086.471636
-6 -4 -3 163.957892 1018276.581639
-5 -3 0 173.936097 1394435.358697

Start of a new data set 
The energy is8048.3
 h k l 2theta Intensity
-1 -1 -1 22.465985 188682.133028
-1 0 0 23.793806 56355.745684
-1 -1 0 27.163739 3890341.584175
-2 -1 -1 37.953120 1445789.000396
-1 0 1 39.618474 1519425.535660
-2 -2 -1 44.551448 254674.155812
-2 -2 -2 45.859020 228593.499427
-2 -1 0 46.019442 176678.488759
-1 -1 1 46.739932 9648.540804
-2 0 0 48.699124 817655.921257
-2 -2 0 56.025636 479193.034235
-3 -2 -2 59.320297 200153.367840
-3 -1 -1 61.123160 101570.260583
-3 -2 -1 62.177503 564468.803961
-2 0 1 62.895254 8105.303796
-2 -1 1 64.512077 717285.072950
-3 -3 -2 67.433888 158094.513694
-3 -1 0 70.784046 485127.775581
-3 -3 -3 71.520879 57358.761861
-2 1 1 71.885134 274458.650161
-3 -3 -1 73.707208 107353.671629
-3 -2 0 75.330906 112339.835247
-3 0 0 76.406632 41168.480631
-4 -2 -2 81.137896 96938.927874
-4 -3 -2 84.993616 225216.258098
-2 0 2 85.340689 180646.050072
-4 -3 -3 85.401348 51791.480291
-4 -2 -1 87.085043 145440.993489
-4 -1 -1 89.578913 224115.413510
-3 -1 1 89.694195 29095.012317
-2 -1 2 90.215776 3290.143475
-3 0 1 91.665468 305998.248643
-4 -3 -1 94.337733 147493.477173
-4 -4 -3 95.561217 120623.139182
-3 -2 1 97.484331 250571.150354
-4 -4 -2 98.598928 42060.466283
-4 -1 0 101.896739 66568.484777
-4 -4 -4 102.374171 6059.670575
-4 -2 0 102.846688 193751.532641
-3 1 1 103.500763 1435.585663
-2 -2 2 104.996267 136371.557117
-5 -3 -3 109.062632 113660.920645
-4 0 0 111.096964 121254.787215
-5 -2 -2 111.846293 177635.144210
-5 -3 -2 112.284705 82669.836260
-4 -3 0 114.112587 121848.098316
-3 -3 1 115.838808 34198.472916
-5 -4 -3 116.358567 37595.024889
-3 0 2 117.590599 3013.554791
-3 -1 2 119.238653 291972.907552
-5 -4 -4 120.110828 143046.640006
-5 -2 -1 122.345272 151682.519301
-5 -4 -2 123.799879 256734.561053
-4 -1 1 126.131444 281424.006807
-5 -3 -1 126.999655 208239.858628
-3 1 2 127.433934 339154.589712
-5 -1 -1 129.659463 73695.696012
-4 -2 1 131.723239 84818.021030
-4 0 1 133.136570 66270.318199
-5 -5 -4 136.832310 5366.110987
-5 -5 -3 137.001079 189778.770458
-4 -4 0 139.881410 104781.641894
-5 -4 -1 146.991926 151724.623256
-5 -2 0 150.217318 245307.572945
-5 -5 -5 153.810070 110709.119621
-6 -3 -3 154.604900 87386.893110
-5 -1 0 155.702327 975607.669440
-3 2 2 157.299581 3879.369191
-4 1 1 161.411620 452261.269142
-6 -4 -4 163.545881 14086.471636
-6 -4 -3 163.957892 1018276.581639
-5 -3 0 173.936097 1394435.358697

Start of a new data set 
The energy is8048.3
 h k l 2theta Intensity
-1 -1 -1 22.465985 188682.133028
-1 0 0 23.793806 56355.745684
-1 -1 0 27.163739 3890341.584175
-2 -1 -1 37.953120 1445789.000396
-1 0 1 39.618474 1519425.535660
-2 -2 -1 44.551448 254674.155812
-2 -2 -2 45.859020 228593.499427
-2 -1 0 46.019442 176678.488759
-1 -1 1 46.739932 9648.540804
-2 0 0 48.699124 817655.921257
-2 -2 0 56.025636 479193.034235
-3 -2 -2 59.320297 200153.367840
-3 -1 -1 61.123160 101570.260583
-3 -2 -1 62.177503 564468.803961
-2 0 1 62.895254 8105.303796
-2 -1 1 64.512077 717285.072950
-3 -3 -2 67.433888 158094.513694
-3 -1 0 70.784046 485127.775581
-3 -3 -3 71.520879 57358.761861
-2 1 1 71.885134 274458.650161
-3 -3 -1 73.707208 107353.671629
-3 -2 0 75.330906 112339.835247
-3 0 0 76.406632 41168.480631
-4 -2 -2 81.137896 96938.927874
-4 -3 -2 84.993616 225216.258098
-2 0 2 85.340689 180646.050072
-4 -3 -3 85.401348 51791.480291
-4 -2 -1 87.085043 145440.993489
-4 -1 -1 89.578913 224115.413510
-3 -1 1 89.694195 29095.012317
-2 -1 2 90.215776 3290.143475
-3 0 1 91.665468 305998.248643
-4 -3 -1 94.337733 147493.477173
-4 -4 -3 95.561217 120623.139182
-3 -2 1 97.484331 250571.150354
-4 -4 -2 98.598928 42060.466283
-4 -1 0 101.896739 66568.484777
-4 -4 -4 102.374171 6059.670575
-4 -2 0 102.846688 193751.532641
-3 1 1 103.500763 1435.585663
-2 -2 2 104.996267 136371.557117
-5 -3 -3 109.062632 113660.920645
-4 0 0 111.096964 121254.787215
-5 -2 -2 111.846293 177635.144210
-5 -3 -2 112.284705 82669.836260
-4 -3 0 114.112587 121848.098316
-3 -3 1 115.838808 34198.472916
-5 -4 -3 116.358567 37595.024889
-3 0 2 117.590599 3013.554791
-3 -1 2 119.238653 291972.907552
-5 -4 -4 120.110828 143046.640006
-5 -2 -1 122.345272 151682.519301
-5 -4 -2 123.799879 256734.561053
-4 -1 1 126.131444 281424.006807
-5 -3 -1 126.999655 208239.858628
-3 1 2 127.433934 339154.589712
-5 -1 -1 129.659463 73695.696012
-4 -2 1 131.723239 84818.021030
-4 0 1 133.136570 66270.318199
-5 -5 -4 136.832310 5366.110987
-5 -5 -3 137.001079 189778.770458
-4 -4 0 139.881410 104781.641894
-5 -4 -1 146.991926 151724.623256
-5 -2 0 150.217318 245307.572945
-5 -5 -5 153.810070 110709.119621
-6 -3 -3 154.604900 87386.893110
-5 -1 0 155.702327 975607.669440
-3 2 2 157.299581 3879.369191
-4 1 1 161.411620 452261.269142
-6 -4 -4 163.545881 14086.471636
-6 -4 -3 163.957892 1018276.581639
-5 -3 0 173.936097 1394435.358697

Start of a new data set 
The energy is8048.3
 h k l 2theta Intensity
-1 -1 -1 22.465985 188682.133028
-1 0 0 23.793806 56355.745684
-1 -1 0 27.163739 3890341.584175
-2 -1 -1 37.953120 1445789.000396
-1 0 1 39.618474 1519425.535660
-2 -2 -1 44.551448 254674.155812
-2 -2 -2 45.859020 228593.499427
-2 -1 0 46.019442 176678.488759
-1 -1 1 46.739932 9648.540804
-2 0 0 48.699124 817655.921257
-2 -2 0 56.025636 479193.034235
-3 -2 -2 59.320297 200153.367840
-3 -1 -1 61.123160 101570.260583
-3 -2 -1 62.177503 564468.803961
-2 0 1 62.895254 8105.303796
-2 -1 1 64.512077 717285.072950
-3 -3 -2 67.433888 158094.513694
-3 -1 0 70.784046 485127.775581
-3 -3 -3 71.520879 57358.761861
-2 1 1 71.885134 274458.650161
-3 -3 -1 73.707208 107353.671629
-3 -2 0 75.330906 112339.835247
-3 0 0 76.406632 41168.480631
-4 -2 -2 81.137896 96938.927874
-4 -3 -2 84.993616 225216.258098
-2 0 2 85.340689 180646.050072
-4 -3 -3 85.401348 51791.480291
-4 -2 -1 87.085043 145440.993489
-4 -1 -1 89.578913 224115.413510
-3 -1 1 89.694195 29095.012317
-2 -1 2 90.215776 3290.143475
-3 0 1 91.665468 305998.248643
-4 -3 -1 94.337733 147493.477173
-4 -4 -3 95.561217 120623.139182
-3 -2 1 97.484331 250571.150354
-4 -4 -2 98.598928 42060.466283
-4 -1 0 101.896739 66568.484777
-4 -4 -4 102.374171 6059.670575
-4 -2 0 102.846688 193751.532641
-3 1 1 103.500763 1435.585663
-2 -2 2 104.996267 136371.557117
-5 -3 -3 109.062632 113660.920645
-4 0 0 111.096964 121254.787215
-5 -2 -2 111.846293 177635.144210
-5 -3 -2 112.284705 82669.836260
-4 -3 0 114.112587 121848.098316
-3 -3 1 115.838808 34198.472916
-5 -4 -3 116.358567 37595.024889
-3 0 2 117.590599 3013.554791
-3 -1 2 119.238653 291972.907552
-5 -4 -4 120.110828 143046.640006
-5 -2 -1 122.345272 151682.519301
-5 -4 -2 123.799879 256734.561053
-4 -1 1 126.131444 281424.006807
-5 -3 -1 126.999655 208239.858628
-3 1 2 127.433934 339154.589712
-5 -1 -1 129.659463 73695.696012
-4 -2 1 131.723239 84818.021030
-4 0 1 133.136570 66270.318199
-5 -5 -4 136.832310 5366.110987
-5 -5 -3 137.001079 189778.770458
-4 -4 0 139.881410 104781.641894
-5 -4 -1 146.991926 151724.623256
-5 -2 0 150.217318 245307.572945
-5 -5 -5 153.810070 110709.119621
-6 -3 -3 154.604900 87386.893110
-5 -1 0 155.702327 975607.669440
-3 2 2 157.299581 3879.369191
-4 1 1 161.411620 452261.269142
-6 -4 -4 163.545881 14086.471636
-6 -4 -3 163.957892 1018276.581639
-5 -3 0 173.936097 1394435.358697
