
Start of a new data set 
The energy is15000
 h k l 2theta Intensity
0 0 2 14.181475 299.560897
0 1 0 22.408363 19.482860
0 1 1 23.527074 53.697059
0 1 2 26.617810 14.343912
0 0 4 28.586176 100.818911
0 1 3 31.138393 32.448505
0 1 4 36.621965 8.261161
1 1 0 39.333369 59.475219
1 1 2 42.012758 54.423779
0 1 5 42.775594 19.948901
0 0 6 43.471099 52.147845
0 2 0 45.736309 6.140825
0 2 1 46.342753 18.152647
0 2 2 48.126655 5.809036
1 1 4 49.339949 45.291047
0 1 6 49.442420 5.649462
0 2 3 50.994722 16.434906
0 2 4 54.826098 5.117369
0 1 7 56.552897 14.929684
0 0 8 59.176590 38.254186
0 2 5 59.503188 14.276674
1 1 6 60.053396 37.767571
1 2 0 61.872657 4.600411
1 2 1 62.366510 13.706634
1 2 2 63.835016 4.477764
0 1 8 64.094752 4.462033
0 2 6 64.932664 4.412016
1 2 3 66.242708 13.007686
1 2 4 69.541353 4.153910
0 2 7 71.056350 12.222906
0 3 0 71.312060 64.977350
0 1 9 72.099569 12.062263
0 3 2 73.145743 63.488346
1 1 8 73.389441 31.646967
1 2 5 73.682394 11.823987
0 2 8 77.856821 3.741252
0 3 4 78.550039 59.347679
1 2 6 78.629401 3.705585
1 2 7 84.369695 10.357697
2 2 0 84.612863 27.538344
0 2 9 85.363438 10.232415
2 2 2 86.364469 26.954601
0 3 6 87.355715 53.261205
1 3 0 88.947119 3.264989
1 3 1 89.383694 9.743191
1 3 2 90.693307 3.196609
1 2 8 90.926709 3.187600
2 2 4 91.605452 25.292614
1 3 3 92.877138 9.340557
1 3 4 95.942270 3.001412
1 2 9 98.377459 8.748223
0 3 8 99.624632 45.978242
1 3 5 99.909706 8.592183
2 2 6 100.392692 22.783471
0 4 0 102.014170 2.794728
0 4 1 102.460849 8.340973
0 4 2 103.805636 2.737616
1 3 6 104.827116 2.705832
0 4 3 106.064733 8.004234
0 4 4 109.272123 2.574060
1 3 7 110.790277 7.594388
2 2 8 113.186256 19.733537
0 4 5 113.492235 7.375906
2 3 0 115.765086 2.400294
2 3 1 116.250802 7.164504
2 3 2 117.720434 2.352204
1 3 8 117.984392 2.345859
0 4 6 118.844367 2.325429
2 3 3 120.215386 6.880852
2 3 4 123.819883 2.214354
0 4 7 125.554502 6.535272
1 4 0 125.852570 34.758279
1 3 9 126.780527 6.461640
1 4 2 128.037492 34.071033
2 3 5 128.693460 6.350917
0 4 8 134.087796 2.021759
1 4 4 135.040234 32.100342
2 3 6 135.150434 2.004504
2 3 7 143.901559 5.640866
0 4 9 145.616912 5.578620
1 4 6 149.314348 29.098427
0 5 1 153.554559 5.334076
0 5 3 163.000953 5.131393
0 5 5 180.000000 2.376099
0 5 7 180.000000 2.121489
0 5 9 180.000000 1.830349
0 6 0 180.000000 8.607727
0 6 2 180.000000 8.456768
0 6 4 180.000000 8.022885
0 6 6 180.000000 7.358856
0 6 8 180.000000 6.539985
0 9 0 180.000000 1.911491
0 9 2 180.000000 1.894172
0 9 4 180.000000 1.843969
0 9 6 180.000000 1.765810
0 9 8 180.000000 1.666916
1 4 8 180.000000 12.711488
1 5 1 180.000000 2.011259
1 5 3 180.000000 1.938353
1 5 5 180.000000 1.801769
1 5 7 180.000000 1.617921
1 5 9 180.000000 1.406983
1 6 1 180.000000 1.194335
1 6 3 180.000000 1.155773
1 6 5 180.000000 1.083307
1 7 0 180.000000 3.777267
1 7 2 180.000000 3.725548
1 7 4 180.000000 3.576319
1 7 6 180.000000 3.346132
1 7 8 180.000000 3.058863
2 3 9 180.000000 2.415742
2 4 1 180.000000 2.312172
2 4 3 180.000000 2.226289
2 4 5 180.000000 2.065505
2 4 7 180.000000 1.849342
2 4 9 180.000000 1.601754
2 5 0 180.000000 7.559376
2 5 2 180.000000 7.430627
2 5 4 180.000000 7.060388
2 5 6 180.000000 6.493171
2 5 8 180.000000 5.792569
2 8 0 180.000000 1.789591
2 8 2 180.000000 1.774340
2 8 4 180.000000 1.730107
2 8 6 180.000000 1.661169
2 8 8 180.000000 1.573807
3 2 9 180.000000 2.415742
3 3 0 180.000000 12.989977
3 3 2 180.000000 12.743958
3 3 4 180.000000 12.037861
3 3 6 180.000000 10.960360
3 3 8 180.000000 9.637525
3 4 1 180.000000 1.538153
3 4 3 180.000000 1.485333
3 4 5 180.000000 1.386229
3 4 7 180.000000 1.252494
3 4 9 180.000000 1.098495
3 6 0 180.000000 3.102823
3 6 2 180.000000 3.063997
3 6 4 180.000000 2.951833
3 6 6 180.000000 2.778408
3 6 8 180.000000 2.561204
3 9 0 180.000000 1.092571
3 9 2 180.000000 1.088344
3 9 4 180.000000 1.076028
3 9 6 180.000000 1.056659
3 9 8 180.000000 1.031789
4 1 8 180.000000 12.711488
4 2 1 180.000000 2.312172
4 2 3 180.000000 2.226289
4 2 5 180.000000 2.065505
4 2 7 180.000000 1.849342
4 2 9 180.000000 1.601754
4 3 1 180.000000 1.538153
4 3 3 180.000000 1.485333
4 3 5 180.000000 1.386229
4 3 7 180.000000 1.252494
4 3 9 180.000000 1.098495
4 4 0 180.000000 5.243347
4 4 2 180.000000 5.162515
4 4 4 180.000000 4.929691
4 4 6 180.000000 4.571814
4 4 8 180.000000 4.127546
4 7 0 180.000000 1.503338
4 7 2 180.000000 1.492801
4 7 4 180.000000 1.462194
4 7 6 180.000000 1.414352
4 7 8 180.000000 1.353460
5 0 5 180.000000 2.376099
5 0 7 180.000000 2.121489
5 0 9 180.000000 1.830349
5 1 1 180.000000 2.011259
5 1 3 180.000000 1.938353
5 1 5 180.000000 1.801769
5 1 7 180.000000 1.617921
5 1 9 180.000000 1.406983
5 2 0 180.000000 7.559376
5 2 2 180.000000 7.430627
5 2 4 180.000000 7.060388
5 2 6 180.000000 6.493171
5 2 8 180.000000 5.792569
5 5 0 180.000000 2.207975
5 5 2 180.000000 2.185504
5 5 4 180.000000 2.120435
5 5 6 180.000000 2.019356
5 5 8 180.000000 1.891880
6 0 0 180.000000 8.607727
6 0 2 180.000000 8.456768
6 0 4 180.000000 8.022885
6 0 6 180.000000 7.358856
6 0 8 180.000000 6.539985
6 1 1 180.000000 1.194335
6 1 3 180.000000 1.155773
6 1 5 180.000000 1.083307
6 3 0 180.000000 3.102823
6 3 2 180.000000 3.063997
6 3 4 180.000000 2.951833
6 3 6 180.000000 2.778408
6 3 8 180.000000 2.561204
6 6 0 180.000000 1.205066
6 6 2 180.000000 1.199177
6 6 4 180.000000 1.182033
6 6 6 180.000000 1.155125
6 6 8 180.000000 1.120671
7 1 0 180.000000 3.777267
7 1 2 180.000000 3.725548
7 1 4 180.000000 3.576319
7 1 6 180.000000 3.346132
7 1 8 180.000000 3.058863
7 4 0 180.000000 1.503338
7 4 2 180.000000 1.492801
7 4 4 180.000000 1.462194
7 4 6 180.000000 1.414352
7 4 8 180.000000 1.353460
8 2 0 180.000000 1.789591
8 2 2 180.000000 1.774340
8 2 4 180.000000 1.730107
8 2 6 180.000000 1.661169
8 2 8 180.000000 1.573807
9 0 0 180.000000 1.911491
9 0 2 180.000000 1.894172
9 0 4 180.000000 1.843969
9 0 6 180.000000 1.765810
9 0 8 180.000000 1.666916
9 3 0 180.000000 1.092571
9 3 2 180.000000 1.088344
9 3 4 180.000000 1.076028
9 3 6 180.000000 1.056659
9 3 8 180.000000 1.031789

Start of a new data set 
The energy is8047
 h k l 2theta Intensity
0 0 2 26.605935 301.503298
0 1 0 42.470211 19.658154
0 1 1 44.670996 54.201184
0 1 2 50.821657 14.494402
0 0 4 54.800065 101.947664
0 1 3 60.041596 32.840770
0 1 4 71.695931 8.375505
1 1 0 77.708499 60.343222
1 1 2 83.857979 55.254299
0 1 5 85.652665 20.256835
0 0 6 87.307790 52.960909
0 2 0 92.836501 6.239486
0 2 1 94.356332 18.446469
0 2 2 98.938732 5.905011
1 1 4 102.162390 46.049082
0 1 6 102.439047 5.744117
0 2 3 106.722905 16.714563
0 2 4 118.232765 5.207484
0 1 7 124.024709 15.196307
0 0 8 133.969427 38.951215
0 2 5 135.341765 14.537438
1 1 6 137.743676 38.460182
1 2 0 146.782874 4.685882
1 2 1 149.663463 13.962173
1 2 2 160.474487 4.562095
0 1 8 163.066990 4.546218
0 1 9 180.000000 6.151045
0 2 6 180.000000 2.247865
0 2 7 180.000000 6.232156
0 2 8 180.000000 1.909192
0 2 9 180.000000 5.226718
0 3 0 180.000000 33.131388
0 3 2 180.000000 32.379531
0 3 4 180.000000 30.288280
0 3 6 180.000000 27.212922
0 3 8 180.000000 23.530485
0 4 0 180.000000 1.430735
0 4 1 180.000000 4.270344
0 4 2 180.000000 1.401839
0 4 3 180.000000 4.099956
0 4 4 180.000000 1.319068
0 4 5 180.000000 3.781907
0 4 6 180.000000 1.193180
0 4 7 180.000000 3.356124
0 4 8 180.000000 1.039305
0 4 9 180.000000 2.871130
0 5 1 180.000000 2.747063
0 5 3 180.000000 2.644203
0 5 5 180.000000 2.451681
0 5 7 180.000000 2.192954
0 5 9 180.000000 1.896789
0 6 0 180.000000 8.940744
0 6 2 180.000000 8.786892
0 6 4 180.000000 8.344547
0 6 6 180.000000 7.667109
0 6 8 180.000000 6.830841
0 9 0 180.000000 2.070811
0 9 2 180.000000 2.052790
0 9 4 180.000000 2.000531
0 9 6 180.000000 1.919114
0 9 8 180.000000 1.815994
1 0 9 180.000000 6.151045
1 1 8 180.000000 32.281359
1 2 3 180.000000 6.628334
1 2 4 180.000000 2.117578
1 2 5 180.000000 6.030725
1 2 6 180.000000 1.891176
1 2 7 180.000000 5.290029
1 2 8 180.000000 1.629421
1 2 9 180.000000 4.476358
1 3 0 180.000000 1.668542
1 3 1 180.000000 4.979453
1 3 2 180.000000 1.633975
1 3 3 180.000000 4.775901
1 3 4 180.000000 1.535279
1 3 5 180.000000 4.397429
1 3 6 180.000000 1.385757
1 3 7 180.000000 3.892517
1 3 8 180.000000 1.203527
1 3 9 180.000000 3.318813
1 4 0 180.000000 17.850427
1 4 2 180.000000 17.502167
1 4 4 180.000000 16.503257
1 4 6 180.000000 14.980811
1 4 8 180.000000 13.115204
1 5 1 180.000000 2.080864
1 5 3 180.000000 2.006701
1 5 5 180.000000 1.867695
1 5 7 180.000000 1.680437
1 5 9 180.000000 1.465339
1 6 1 180.000000 1.248167
1 6 3 180.000000 1.208743
1 6 5 180.000000 1.134616
1 6 7 180.000000 1.034225
1 7 0 180.000000 3.999396
1 7 2 180.000000 3.946182
1 7 4 180.000000 3.792580
1 7 6 180.000000 3.555466
1 7 8 180.000000 3.259208
2 0 6 180.000000 2.247865
2 0 7 180.000000 6.232156
2 0 8 180.000000 1.909192
2 0 9 180.000000 5.226718
2 1 3 180.000000 6.628334
2 1 4 180.000000 2.117578
2 1 5 180.000000 6.030725
2 1 6 180.000000 1.891176
2 1 7 180.000000 5.290029
2 1 8 180.000000 1.629421
2 1 9 180.000000 4.476358
2 2 0 180.000000 28.130428
2 2 2 180.000000 27.540424
2 2 4 180.000000 25.860231
2 2 6 180.000000 23.322428
2 2 8 180.000000 20.235438
2 3 0 180.000000 1.231094
2 3 1 180.000000 3.674862
2 3 2 180.000000 1.206741
2 3 3 180.000000 3.531201
2 3 4 180.000000 1.136913
2 3 5 180.000000 3.262702
2 3 6 180.000000 1.030558
2 3 7 180.000000 2.902703
2 3 9 180.000000 2.491945
2 4 1 180.000000 2.386741
2 4 3 180.000000 2.299477
2 4 5 180.000000 2.136032
2 4 7 180.000000 1.916121
2 4 9 180.000000 1.663961
2 5 0 180.000000 7.871740
2 5 2 180.000000 7.740359
2 5 4 180.000000 7.362418
2 5 6 180.000000 6.783000
2 5 8 180.000000 6.066568
2 8 0 180.000000 1.943894
2 8 2 180.000000 1.928004
2 8 4 180.000000 1.881900
2 8 6 180.000000 1.809998
2 8 8 180.000000 1.718790
3 0 0 180.000000 33.131388
3 0 2 180.000000 32.379531
3 0 4 180.000000 30.288280
3 0 6 180.000000 27.212922
3 0 8 180.000000 23.530485
3 1 0 180.000000 1.668542
3 1 1 180.000000 4.979453
3 1 2 180.000000 1.633975
3 1 3 180.000000 4.775901
3 1 4 180.000000 1.535279
3 1 5 180.000000 4.397429
3 1 6 180.000000 1.385757
3 1 7 180.000000 3.892517
3 1 8 180.000000 1.203527
3 1 9 180.000000 3.318813
3 2 0 180.000000 1.231094
3 2 1 180.000000 3.674862
3 2 2 180.000000 1.206741
3 2 3 180.000000 3.531201
3 2 4 180.000000 1.136913
3 2 5 180.000000 3.262702
3 2 6 180.000000 1.030558
3 2 7 180.000000 2.902703
3 2 9 180.000000 2.491945
3 3 0 180.000000 13.398041
3 3 2 180.000000 13.148183
3 3 4 180.000000 12.430855
3 3 6 180.000000 11.335560
3 3 8 180.000000 9.989637
3 4 1 180.000000 1.599131
3 4 3 180.000000 1.545269
3 4 5 180.000000 1.444160
3 4 7 180.000000 1.307602
3 4 9 180.000000 1.150157
3 6 0 180.000000 3.304570
3 6 2 180.000000 3.264506
3 6 4 180.000000 3.148721
3 6 6 180.000000 2.969560
3 6 8 180.000000 2.744912
3 9 0 180.000000 1.214124
3 9 2 180.000000 1.209670
3 9 4 180.000000 1.196692
3 9 6 180.000000 1.176273
3 9 8 180.000000 1.150040
4 0 0 180.000000 1.430735
4 0 1 180.000000 4.270344
4 0 2 180.000000 1.401839
4 0 3 180.000000 4.099956
4 0 4 180.000000 1.319068
4 0 5 180.000000 3.781907
4 0 6 180.000000 1.193180
4 0 7 180.000000 3.356124
4 0 8 180.000000 1.039305
4 0 9 180.000000 2.871130
4 1 0 180.000000 17.850427
4 1 2 180.000000 17.502167
4 1 4 180.000000 16.503257
4 1 6 180.000000 14.980811
4 1 8 180.000000 13.115204
4 2 1 180.000000 2.386741
4 2 3 180.000000 2.299477
4 2 5 180.000000 2.136032
4 2 7 180.000000 1.916121
4 2 9 180.000000 1.663961
4 3 1 180.000000 1.599131
4 3 3 180.000000 1.545269
4 3 5 180.000000 1.444160
4 3 7 180.000000 1.307602
4 3 9 180.000000 1.150157
4 4 0 180.000000 5.504252
4 4 2 180.000000 5.421436
4 4 4 180.000000 5.182809
4 4 6 180.000000 4.815739
4 4 8 180.000000 4.359541
4 7 0 180.000000 1.645140
4 7 2 180.000000 1.634121
4 7 4 180.000000 1.602105
4 7 6 180.000000 1.552029
4 7 8 180.000000 1.488239
5 0 1 180.000000 2.747063
5 0 3 180.000000 2.644203
5 0 5 180.000000 2.451681
5 0 7 180.000000 2.192954
5 0 9 180.000000 1.896789
5 1 1 180.000000 2.080864
5 1 3 180.000000 2.006701
5 1 5 180.000000 1.867695
5 1 7 180.000000 1.680437
5 1 9 180.000000 1.465339
5 2 0 180.000000 7.871740
5 2 2 180.000000 7.740359
5 2 4 180.000000 7.362418
5 2 6 180.000000 6.783000
5 2 8 180.000000 6.066568
5 5 0 180.000000 2.378869
5 5 2 180.000000 2.355549
5 5 4 180.000000 2.287997
5 5 6 180.000000 2.182985
5 5 8 180.000000 2.050405
5 8 0 180.000000 1.105572
5 8 2 180.000000 1.102657
5 8 4 180.000000 1.094155
5 8 6 180.000000 1.080751
5 8 8 180.000000 1.063482
6 0 0 180.000000 8.940744
6 0 2 180.000000 8.786892
6 0 4 180.000000 8.344547
6 0 6 180.000000 7.667109
6 0 8 180.000000 6.830841
6 1 1 180.000000 1.248167
6 1 3 180.000000 1.208743
6 1 5 180.000000 1.134616
6 1 7 180.000000 1.034225
6 3 0 180.000000 3.304570
6 3 2 180.000000 3.264506
6 3 4 180.000000 3.148721
6 3 6 180.000000 2.969560
6 3 8 180.000000 2.744912
6 6 0 180.000000 1.332497
6 6 2 180.000000 1.326307
6 6 4 180.000000 1.308284
6 6 6 180.000000 1.279982
6 6 8 180.000000 1.243720
7 1 0 180.000000 3.999396
7 1 2 180.000000 3.946182
7 1 4 180.000000 3.792580
7 1 6 180.000000 3.555466
7 1 8 180.000000 3.259208
7 4 0 180.000000 1.645140
7 4 2 180.000000 1.634121
7 4 4 180.000000 1.602105
7 4 6 180.000000 1.552029
7 4 8 180.000000 1.488239
7 7 0 180.000000 1.007880
7 7 2 180.000000 1.006300
7 7 4 180.000000 1.001684
8 2 0 180.000000 1.943894
8 2 2 180.000000 1.928004
8 2 4 180.000000 1.881900
8 2 6 180.000000 1.809998
8 2 8 180.000000 1.718790
8 5 0 180.000000 1.105572
8 5 2 180.000000 1.102657
8 5 4 180.000000 1.094155
8 5 6 180.000000 1.080751
8 5 8 180.000000 1.063482
9 0 0 180.000000 2.070811
9 0 2 180.000000 2.052790
9 0 4 180.000000 2.000531
9 0 6 180.000000 1.919114
9 0 8 180.000000 1.815994
9 3 0 180.000000 1.214124
9 3 2 180.000000 1.209670
9 3 4 180.000000 1.196692
9 3 6 180.000000 1.176273
9 3 8 180.000000 1.150040

Start of a new data set 
The energy is8047
 h k l 2theta Intensity
0 0 2 26.605935 301.503298
0 1 0 42.470211 19.658154
0 1 1 44.670996 54.201184
0 1 2 50.821657 14.494402
0 0 4 54.800065 101.947664
0 1 3 60.041596 32.840770
0 1 4 71.695931 8.375505
1 1 0 77.708499 60.343222
1 1 2 83.857979 55.254299
0 1 5 85.652665 20.256835
0 0 6 87.307790 52.960909
0 2 0 92.836501 6.239486
0 2 1 94.356332 18.446469
0 2 2 98.938732 5.905011
1 1 4 102.162390 46.049082
0 1 6 102.439047 5.744117
0 2 3 106.722905 16.714563
0 2 4 118.232765 5.207484
0 1 7 124.024709 15.196307
0 0 8 133.969427 38.951215
0 2 5 135.341765 14.537438
1 1 6 137.743676 38.460182
1 2 0 146.782874 4.685882
1 2 1 149.663463 13.962173
1 2 2 160.474487 4.562095
0 1 8 163.066990 4.546218
0 1 9 180.000000 6.151045
0 2 6 180.000000 2.247865
0 2 7 180.000000 6.232156
0 2 8 180.000000 1.909192
0 2 9 180.000000 5.226718
0 3 0 180.000000 33.131388
0 3 2 180.000000 32.379531
0 3 4 180.000000 30.288280
0 3 6 180.000000 27.212922
0 3 8 180.000000 23.530485
0 4 0 180.000000 1.430735
0 4 1 180.000000 4.270344
0 4 2 180.000000 1.401839
0 4 3 180.000000 4.099956
0 4 4 180.000000 1.319068
0 4 5 180.000000 3.781907
0 4 6 180.000000 1.193180
0 4 7 180.000000 3.356124
0 4 8 180.000000 1.039305
0 4 9 180.000000 2.871130
0 5 1 180.000000 2.747063
0 5 3 180.000000 2.644203
0 5 5 180.000000 2.451681
0 5 7 180.000000 2.192954
0 5 9 180.000000 1.896789
0 6 0 180.000000 8.940744
0 6 2 180.000000 8.786892
0 6 4 180.000000 8.344547
0 6 6 180.000000 7.667109
0 6 8 180.000000 6.830841
0 9 0 180.000000 2.070811
0 9 2 180.000000 2.052790
0 9 4 180.000000 2.000531
0 9 6 180.000000 1.919114
0 9 8 180.000000 1.815994
1 0 9 180.000000 6.151045
1 1 8 180.000000 32.281359
1 2 3 180.000000 6.628334
1 2 4 180.000000 2.117578
1 2 5 180.000000 6.030725
1 2 6 180.000000 1.891176
1 2 7 180.000000 5.290029
1 2 8 180.000000 1.629421
1 2 9 180.000000 4.476358
1 3 0 180.000000 1.668542
1 3 1 180.000000 4.979453
1 3 2 180.000000 1.633975
1 3 3 180.000000 4.775901
1 3 4 180.000000 1.535279
1 3 5 180.000000 4.397429
1 3 6 180.000000 1.385757
1 3 7 180.000000 3.892517
1 3 8 180.000000 1.203527
1 3 9 180.000000 3.318813
1 4 0 180.000000 17.850427
1 4 2 180.000000 17.502167
1 4 4 180.000000 16.503257
1 4 6 180.000000 14.980811
1 4 8 180.000000 13.115204
1 5 1 180.000000 2.080864
1 5 3 180.000000 2.006701
1 5 5 180.000000 1.867695
1 5 7 180.000000 1.680437
1 5 9 180.000000 1.465339
1 6 1 180.000000 1.248167
1 6 3 180.000000 1.208743
1 6 5 180.000000 1.134616
1 6 7 180.000000 1.034225
1 7 0 180.000000 3.999396
1 7 2 180.000000 3.946182
1 7 4 180.000000 3.792580
1 7 6 180.000000 3.555466
1 7 8 180.000000 3.259208
2 0 6 180.000000 2.247865
2 0 7 180.000000 6.232156
2 0 8 180.000000 1.909192
2 0 9 180.000000 5.226718
2 1 3 180.000000 6.628334
2 1 4 180.000000 2.117578
2 1 5 180.000000 6.030725
2 1 6 180.000000 1.891176
2 1 7 180.000000 5.290029
2 1 8 180.000000 1.629421
2 1 9 180.000000 4.476358
2 2 0 180.000000 28.130428
2 2 2 180.000000 27.540424
2 2 4 180.000000 25.860231
2 2 6 180.000000 23.322428
2 2 8 180.000000 20.235438
2 3 0 180.000000 1.231094
2 3 1 180.000000 3.674862
2 3 2 180.000000 1.206741
2 3 3 180.000000 3.531201
2 3 4 180.000000 1.136913
2 3 5 180.000000 3.262702
2 3 6 180.000000 1.030558
2 3 7 180.000000 2.902703
2 3 9 180.000000 2.491945
2 4 1 180.000000 2.386741
2 4 3 180.000000 2.299477
2 4 5 180.000000 2.136032
2 4 7 180.000000 1.916121
2 4 9 180.000000 1.663961
2 5 0 180.000000 7.871740
2 5 2 180.000000 7.740359
2 5 4 180.000000 7.362418
2 5 6 180.000000 6.783000
2 5 8 180.000000 6.066568
2 8 0 180.000000 1.943894
2 8 2 180.000000 1.928004
2 8 4 180.000000 1.881900
2 8 6 180.000000 1.809998
2 8 8 180.000000 1.718790
3 0 0 180.000000 33.131388
3 0 2 180.000000 32.379531
3 0 4 180.000000 30.288280
3 0 6 180.000000 27.212922
3 0 8 180.000000 23.530485
3 1 0 180.000000 1.668542
3 1 1 180.000000 4.979453
3 1 2 180.000000 1.633975
3 1 3 180.000000 4.775901
3 1 4 180.000000 1.535279
3 1 5 180.000000 4.397429
3 1 6 180.000000 1.385757
3 1 7 180.000000 3.892517
3 1 8 180.000000 1.203527
3 1 9 180.000000 3.318813
3 2 0 180.000000 1.231094
3 2 1 180.000000 3.674862
3 2 2 180.000000 1.206741
3 2 3 180.000000 3.531201
3 2 4 180.000000 1.136913
3 2 5 180.000000 3.262702
3 2 6 180.000000 1.030558
3 2 7 180.000000 2.902703
3 2 9 180.000000 2.491945
3 3 0 180.000000 13.398041
3 3 2 180.000000 13.148183
3 3 4 180.000000 12.430855
3 3 6 180.000000 11.335560
3 3 8 180.000000 9.989637
3 4 1 180.000000 1.599131
3 4 3 180.000000 1.545269
3 4 5 180.000000 1.444160
3 4 7 180.000000 1.307602
3 4 9 180.000000 1.150157
3 6 0 180.000000 3.304570
3 6 2 180.000000 3.264506
3 6 4 180.000000 3.148721
3 6 6 180.000000 2.969560
3 6 8 180.000000 2.744912
3 9 0 180.000000 1.214124
3 9 2 180.000000 1.209670
3 9 4 180.000000 1.196692
3 9 6 180.000000 1.176273
3 9 8 180.000000 1.150040
4 0 0 180.000000 1.430735
4 0 1 180.000000 4.270344
4 0 2 180.000000 1.401839
4 0 3 180.000000 4.099956
4 0 4 180.000000 1.319068
4 0 5 180.000000 3.781907
4 0 6 180.000000 1.193180
4 0 7 180.000000 3.356124
4 0 8 180.000000 1.039305
4 0 9 180.000000 2.871130
4 1 0 180.000000 17.850427
4 1 2 180.000000 17.502167
4 1 4 180.000000 16.503257
4 1 6 180.000000 14.980811
4 1 8 180.000000 13.115204
4 2 1 180.000000 2.386741
4 2 3 180.000000 2.299477
4 2 5 180.000000 2.136032
4 2 7 180.000000 1.916121
4 2 9 180.000000 1.663961
4 3 1 180.000000 1.599131
4 3 3 180.000000 1.545269
4 3 5 180.000000 1.444160
4 3 7 180.000000 1.307602
4 3 9 180.000000 1.150157
4 4 0 180.000000 5.504252
4 4 2 180.000000 5.421436
4 4 4 180.000000 5.182809
4 4 6 180.000000 4.815739
4 4 8 180.000000 4.359541
4 7 0 180.000000 1.645140
4 7 2 180.000000 1.634121
4 7 4 180.000000 1.602105
4 7 6 180.000000 1.552029
4 7 8 180.000000 1.488239
5 0 1 180.000000 2.747063
5 0 3 180.000000 2.644203
5 0 5 180.000000 2.451681
5 0 7 180.000000 2.192954
5 0 9 180.000000 1.896789
5 1 1 180.000000 2.080864
5 1 3 180.000000 2.006701
5 1 5 180.000000 1.867695
5 1 7 180.000000 1.680437
5 1 9 180.000000 1.465339
5 2 0 180.000000 7.871740
5 2 2 180.000000 7.740359
5 2 4 180.000000 7.362418
5 2 6 180.000000 6.783000
5 2 8 180.000000 6.066568
5 5 0 180.000000 2.378869
5 5 2 180.000000 2.355549
5 5 4 180.000000 2.287997
5 5 6 180.000000 2.182985
5 5 8 180.000000 2.050405
5 8 0 180.000000 1.105572
5 8 2 180.000000 1.102657
5 8 4 180.000000 1.094155
5 8 6 180.000000 1.080751
5 8 8 180.000000 1.063482
6 0 0 180.000000 8.940744
6 0 2 180.000000 8.786892
6 0 4 180.000000 8.344547
6 0 6 180.000000 7.667109
6 0 8 180.000000 6.830841
6 1 1 180.000000 1.248167
6 1 3 180.000000 1.208743
6 1 5 180.000000 1.134616
6 1 7 180.000000 1.034225
6 3 0 180.000000 3.304570
6 3 2 180.000000 3.264506
6 3 4 180.000000 3.148721
6 3 6 180.000000 2.969560
6 3 8 180.000000 2.744912
6 6 0 180.000000 1.332497
6 6 2 180.000000 1.326307
6 6 4 180.000000 1.308284
6 6 6 180.000000 1.279982
6 6 8 180.000000 1.243720
7 1 0 180.000000 3.999396
7 1 2 180.000000 3.946182
7 1 4 180.000000 3.792580
7 1 6 180.000000 3.555466
7 1 8 180.000000 3.259208
7 4 0 180.000000 1.645140
7 4 2 180.000000 1.634121
7 4 4 180.000000 1.602105
7 4 6 180.000000 1.552029
7 4 8 180.000000 1.488239
7 7 0 180.000000 1.007880
7 7 2 180.000000 1.006300
7 7 4 180.000000 1.001684
8 2 0 180.000000 1.943894
8 2 2 180.000000 1.928004
8 2 4 180.000000 1.881900
8 2 6 180.000000 1.809998
8 2 8 180.000000 1.718790
8 5 0 180.000000 1.105572
8 5 2 180.000000 1.102657
8 5 4 180.000000 1.094155
8 5 6 180.000000 1.080751
8 5 8 180.000000 1.063482
9 0 0 180.000000 2.070811
9 0 2 180.000000 2.052790
9 0 4 180.000000 2.000531
9 0 6 180.000000 1.919114
9 0 8 180.000000 1.815994
9 3 0 180.000000 1.214124
9 3 2 180.000000 1.209670
9 3 4 180.000000 1.196692
9 3 6 180.000000 1.176273
9 3 8 180.000000 1.150040

Start of a new data set 
The energy is8047
 h k l 2theta Intensity
0 0 2 26.605935 301.503298
0 1 0 42.470211 19.658154
0 1 1 44.670996 54.201184
0 1 2 50.821657 14.494402
0 0 4 54.800065 101.947664
0 1 3 60.041596 32.840770
0 1 4 71.695931 8.375505
1 1 0 77.708499 60.343222
1 1 2 83.857979 55.254299
0 1 5 85.652665 20.256835
0 0 6 87.307790 52.960909
0 2 0 92.836501 6.239486
0 2 1 94.356332 18.446469
0 2 2 98.938732 5.905011
1 1 4 102.162390 46.049082
0 1 6 102.439047 5.744117
0 2 3 106.722905 16.714563
0 2 4 118.232765 5.207484
0 1 7 124.024709 15.196307
0 0 8 133.969427 38.951215
0 2 5 135.341765 14.537438
1 1 6 137.743676 38.460182
1 2 0 146.782874 4.685882
1 2 1 149.663463 13.962173
1 2 2 160.474487 4.562095
0 1 8 163.066990 2.273109

Start of a new data set 
The energy is8047
 h k l 2theta Intensity
0 0 2 26.605935 301.503298
0 1 0 42.470211 19.658154
0 1 1 44.670996 54.201184
0 1 2 50.821657 14.494402
0 0 4 54.800065 101.947664
0 1 3 60.041596 32.840770
0 1 4 71.695931 8.375505
1 1 0 77.708499 60.343222
1 1 2 83.857979 55.254299
0 1 5 85.652665 20.256835
0 0 6 87.307790 52.960909
0 2 0 92.836501 6.239486
0 2 1 94.356332 18.446469
0 2 2 98.938732 5.905011
1 1 4 102.162390 46.049082
0 1 6 102.439047 5.744117
0 2 3 106.722905 16.714563
0 2 4 118.232765 5.207484
0 1 7 124.024709 15.196307
0 0 8 133.969427 38.951215
0 2 5 135.341765 14.537438
1 1 6 137.743676 38.460182
1 2 0 146.782874 4.685882
1 2 1 149.663463 13.962173
1 2 2 160.474487 4.562095
0 1 8 163.066990 2.273109

Start of a new data set 
The energy is8047
 h k l 2theta Intensity
0 1 0 41.272977 20.603520
0 0 2 43.898740 148.836311
0 1 1 47.022044 49.680830
0 1 2 61.826591 10.442836
1 1 0 75.242649 62.838293
0 1 3 82.943407 20.971187
0 2 0 89.638957 6.449039
1 1 2 91.415787 50.634205
0 2 1 93.644007 18.571949
0 0 4 96.761376 48.125617
0 2 2 105.850742 5.604721
0 1 4 111.478941 5.405699
0 2 3 128.493389 14.911240
1 2 0 137.643973 4.809060
1 2 1 143.981878 14.159858
1 1 4 149.656079 37.233082
0 1 5 174.202385 6.756044

Start of a new data set 
The energy is8047
 h k l 2theta Intensity
0 0 2 26.605935 22786.567548
0 1 0 42.470211 901.321999
0 1 1 44.670996 4517.261741
0 1 2 50.821657 949.504436
0 0 4 54.800065 1939.147607
0 1 3 60.041596 1590.739733
0 1 4 71.695931 299.532408
1 1 0 77.708499 1897.763777
1 1 2 83.857979 3100.811890
0 1 5 85.652665 551.525038
0 0 6 87.307790 468.053140
0 2 1 94.356332 442.508465
0 2 2 98.938732 134.232039
1 1 4 102.162390 2026.557299
0 1 6 102.439047 126.069130
0 2 3 106.722905 353.952080
0 2 4 118.232765 104.421124
0 1 7 124.024709 304.037127
0 0 8 133.969427 271.158973
0 2 5 135.341765 307.041547
1 1 6 137.743676 1662.787489
1 2 0 146.782874 115.865559
1 2 1 149.663463 734.455146
1 2 2 160.474487 341.964716
0 1 8 163.066990 193.478618

Start of a new data set 
The energy is8047
 h k l 2theta Intensity
0 0 -2 26.605935 11393.283774
-1 0 0 42.470211 150.220333
-1 0 -1 44.670996 376.438478
0 0 -4 54.800065 969.573803
-1 0 -3 60.041596 132.561644
-2 1 0 77.708499 316.293963
-2 1 -2 83.857979 258.400991
0 0 -6 87.307790 234.026570
-2 1 -4 102.162390 168.879775
0 0 -8 133.969427 135.579487
-2 1 -6 137.743676 138.565624

Start of a new data set 
The energy is8047
 h k l 2theta Intensity
0 0 -2 26.605935 22786.567548
-1 0 0 42.470211 901.321999
-1 0 -1 44.670996 4517.261741
0 0 -4 54.800065 1939.147607
-1 0 -3 60.041596 1590.739733
-2 1 0 77.708499 1897.763777
-2 1 -2 83.857979 3100.811890
0 0 -6 87.307790 468.053140
-2 1 -4 102.162390 2026.557299
0 0 -8 133.969427 271.158973
-2 1 -6 137.743676 1662.787489

Start of a new data set 
The energy is8047
 h k l 2theta Intensity
0 0 -2 26.605935 22786.567548
-1 0 0 42.470211 901.321999
-1 0 -1 44.670996 4517.261741
-1 0 -2 50.821657 949.504436
0 0 -4 54.800065 1939.147607
-1 0 -3 60.041596 1590.739733
-1 0 -4 71.695931 299.532408
-2 1 0 77.708499 1897.763777
-2 1 -2 83.857979 3100.811890
-1 0 -5 85.652665 551.525038
0 0 -6 87.307790 468.053140
-2 0 0 92.836501 76.335551
-2 0 -1 94.356332 442.508465
-2 0 -2 98.938732 134.232039
-2 1 -4 102.162390 2026.557299
-1 0 -6 102.439047 126.069130
-2 0 -3 106.722905 353.952080
-2 0 -4 118.232765 104.421124
-1 0 -7 124.024709 304.037127
0 0 -8 133.969427 271.158973
-2 0 -5 135.341765 307.041547
-2 1 -6 137.743676 1662.787489
-3 1 0 146.782874 115.865559
-3 1 -1 149.663463 734.455146
-3 1 -2 160.474487 341.964716
-1 0 -8 163.066990 193.478618

Start of a new data set 
The energy is8047
 h k l 2theta Intensity
0 0 -2 26.605935 22786.567548
-1 0 0 42.470211 901.321999
-1 0 -1 44.670996 4517.261741
-1 0 -2 50.821657 949.504436
0 0 -4 54.800065 1939.147607
-1 0 -3 60.041596 1590.739733
-1 0 -4 71.695931 299.532408
-2 1 0 77.708499 1897.763777
-2 1 -2 83.857979 3100.811890
-1 0 -5 85.652665 551.525038
0 0 -6 87.307790 468.053140
-2 0 0 92.836501 76.335551
-2 0 -1 94.356332 442.508465
-2 0 -2 98.938732 134.232039
-2 1 -4 102.162390 2026.557299
-1 0 -6 102.439047 126.069130
-2 0 -3 106.722905 353.952080
-2 0 -4 118.232765 104.421124
-1 0 -7 124.024709 304.037127
0 0 -8 133.969427 271.158973
-2 0 -5 135.341765 307.041547
-2 1 -6 137.743676 1662.787489
-3 1 0 146.782874 115.865559
-3 1 -1 149.663463 734.455146
-3 1 -2 160.474487 341.964716
-1 0 -8 163.066990 193.478618

Start of a new data set 
The energy is8048.3
 h k l 2theta Intensity
0 0 -2 26.601559 22793.863037
-1 0 0 42.463019 901.608307
-1 0 -1 44.663392 4518.694076
-1 0 -2 50.812864 949.803576
0 0 -4 54.790471 1939.755166
-1 0 -3 60.030901 1591.233446
-1 0 -4 71.682559 299.622240
-2 1 0 77.693589 1898.316726
-2 1 -2 83.841355 3101.678026
-1 0 -5 85.635510 551.676714
0 0 -6 87.290132 468.179820
-2 0 0 92.817054 76.354865
-2 0 -1 94.336361 442.617852
-2 0 -2 98.917086 134.262447
-2 1 -4 102.139469 2026.980161
-1 0 -6 102.416013 126.095223
-2 0 -3 106.698021 354.014887
-1 0 -7 123.989890 304.022078
0 0 -8 133.925873 271.066407
-2 0 -5 135.296721 306.918903
-2 1 -6 137.695804 1661.929303
-3 1 -1 149.595263 733.283993
-3 1 -2 160.367204 340.325224
-1 0 -8 162.943094 192.203522

Start of a new data set 
The energy is8048.3
 h k l 2theta Intensity
0 0 -2 26.601559 22793.863037
-1 0 0 42.463019 901.608307
-1 0 -1 44.663392 4518.694076
-1 0 -2 50.812864 949.803576
0 0 -4 54.790471 1939.755166
-1 0 -3 60.030901 1591.233446
-1 0 -4 71.682559 299.622240
-2 1 0 77.693589 1898.316726
-2 1 -2 83.841355 3101.678026
-1 0 -5 85.635510 551.676714
0 0 -6 87.290132 468.179820
-2 0 0 92.817054 76.354865
-2 0 -1 94.336361 442.617852
-2 0 -2 98.917086 134.262447
-2 1 -4 102.139469 2026.980161
-1 0 -6 102.416013 126.095223
-2 0 -3 106.698021 354.014887
-1 0 -7 123.989890 304.022078
0 0 -8 133.925873 271.066407
-2 0 -5 135.296721 306.918903
-2 1 -6 137.695804 1661.929303
-3 1 -1 149.595263 733.283993
-3 1 -2 160.367204 340.325224
-1 0 -8 162.943094 192.203522

Start of a new data set 
The energy is8048.3
 h k l 2theta Intensity
0 0 -2 26.601559 22793.863037
-1 0 0 42.463019 901.608307
-1 0 -1 44.663392 4518.694076
-1 0 -2 50.812864 949.803576
0 0 -4 54.790471 1939.755166
-1 0 -3 60.030901 1591.233446
-1 0 -4 71.682559 299.622240
-2 1 0 77.693589 1898.316726
-2 1 -2 83.841355 3101.678026
-1 0 -5 85.635510 551.676714
0 0 -6 87.290132 468.179820
-2 0 0 92.817054 76.354865
-2 0 -1 94.336361 442.617852
-2 0 -2 98.917086 134.262447
-2 1 -4 102.139469 2026.980161
-1 0 -6 102.416013 126.095223
-2 0 -3 106.698021 354.014887
-1 0 -7 123.989890 304.022078
0 0 -8 133.925873 271.066407
-2 0 -5 135.296721 306.918903
-2 1 -6 137.695804 1661.929303
-3 1 -1 149.595263 733.283993
-3 1 -2 160.367204 340.325224
-1 0 -8 162.943094 192.203522

Start of a new data set 
The energy is8048.3
 h k l 2theta Intensity
0 0 -2 26.601559 22793.863037
-1 0 0 42.463019 901.608307
-1 0 -1 44.663392 4518.694076
-1 0 -2 50.812864 949.803576
0 0 -4 54.790471 1939.755166
-1 0 -3 60.030901 1591.233446
-1 0 -4 71.682559 299.622240
-2 1 0 77.693589 1898.316726
-2 1 -2 83.841355 3101.678026
-1 0 -5 85.635510 551.676714
0 0 -6 87.290132 468.179820
-2 0 0 92.817054 76.354865
-2 0 -1 94.336361 442.617852
-2 0 -2 98.917086 134.262447
-2 1 -4 102.139469 2026.980161
-1 0 -6 102.416013 126.095223
-2 0 -3 106.698021 354.014887
-2 0 -4 118.201825 104.426632
-1 0 -7 123.989890 304.022078
0 0 -8 133.925873 271.066407
-2 0 -5 135.296721 306.918903
-2 1 -6 137.695804 1661.929303
-3 1 0 146.720876 115.723995
-3 1 -1 149.595263 733.283993
-3 1 -2 160.367204 340.325224
-1 0 -8 162.943094 192.203522

Start of a new data set 
The energy is8048.3
 h k l 2theta Intensity
0 0 -2 26.601559 22793.863037
-1 0 0 42.463019 901.608307
-1 0 -1 44.663392 4518.694076
-1 0 -2 50.812864 949.803576
0 0 -4 54.790471 1939.755166
-1 0 -3 60.030901 1591.233446
-1 0 -4 71.682559 299.622240
-2 1 0 77.693589 1898.316726
-2 1 -2 83.841355 3101.678026
-1 0 -5 85.635510 551.676714
0 0 -6 87.290132 468.179820
-2 0 0 92.817054 76.354865
-2 0 -1 94.336361 442.617852
-2 0 -2 98.917086 134.262447
-2 1 -4 102.139469 2026.980161
-1 0 -6 102.416013 126.095223
-2 0 -3 106.698021 354.014887
-2 0 -4 118.201825 104.426632
-1 0 -7 123.989890 304.022078
0 0 -8 133.925873 271.066407
-2 0 -5 135.296721 306.918903
-2 1 -6 137.695804 1661.929303
-3 1 0 146.720876 115.723995
-3 1 -1 149.595263 733.283993
-3 1 -2 160.367204 340.325224
-1 0 -8 162.943094 192.203522

Start of a new data set 
The energy is8048.3
 h k l 2theta Intensity
0 0 -2 26.601559 22793.863037
-1 0 0 42.463019 901.608307
-1 0 -1 44.663392 4518.694076
-1 0 -2 50.812864 949.803576
0 0 -4 54.790471 1939.755166
-1 0 -3 60.030901 1591.233446
-1 0 -4 71.682559 299.622240
-2 1 0 77.693589 1898.316726
-2 1 -2 83.841355 3101.678026
-1 0 -5 85.635510 551.676714
0 0 -6 87.290132 468.179820
-2 0 0 92.817054 76.354865
-2 0 -1 94.336361 442.617852
-2 0 -2 98.917086 134.262447
-2 1 -4 102.139469 2026.980161
-1 0 -6 102.416013 126.095223
-2 0 -3 106.698021 354.014887
-2 0 -4 118.201825 104.426632
-1 0 -7 123.989890 304.022078
0 0 -8 133.925873 271.066407
-2 0 -5 135.296721 306.918903
-2 1 -6 137.695804 1661.929303
-3 1 0 146.720876 115.723995
-3 1 -1 149.595263 733.283993
-3 1 -2 160.367204 340.325224
-1 0 -8 162.943094 192.203522

Start of a new data set 
The energy is8048.3
 h k l 2theta Intensity
0 0 -2 26.601559 22793.863037
-1 0 0 42.463019 901.608307
-1 0 -1 44.663392 4518.694076
-1 0 -2 50.812864 949.803576
0 0 -4 54.790471 1939.755166
-1 0 -3 60.030901 1591.233446
-1 0 -4 71.682559 299.622240
-2 1 0 77.693589 1898.316726
-2 1 -2 83.841355 3101.678026
-1 0 -5 85.635510 551.676714
0 0 -6 87.290132 468.179820
-2 0 0 92.817054 76.354865
-2 0 -1 94.336361 442.617852
-2 0 -2 98.917086 134.262447
-2 1 -4 102.139469 2026.980161
-1 0 -6 102.416013 126.095223
-2 0 -3 106.698021 354.014887
-2 0 -4 118.201825 104.426632
-1 0 -7 123.989890 304.022078
0 0 -8 133.925873 271.066407
-2 0 -5 135.296721 306.918903
-2 1 -6 137.695804 1661.929303
-3 1 0 146.720876 115.723995
-3 1 -1 149.595263 733.283993
-3 1 -2 160.367204 340.325224
-1 0 -8 162.943094 192.203522

Start of a new data set 
The energy is8048.3
 h k l 2theta Intensity
0 0 -2 26.601559 22793.863037
-1 0 0 42.463019 901.608307
-1 0 -1 44.663392 4518.694076
-1 0 -2 50.812864 949.803576
0 0 -4 54.790471 1939.755166
-1 0 -3 60.030901 1591.233446
-1 0 -4 71.682559 299.622240
-2 1 0 77.693589 1898.316726
-2 1 -2 83.841355 3101.678026
-1 0 -5 85.635510 551.676714
0 0 -6 87.290132 468.179820
-2 0 0 92.817054 76.354865
-2 0 -1 94.336361 442.617852
-2 0 -2 98.917086 134.262447
-2 1 -4 102.139469 2026.980161
-1 0 -6 102.416013 126.095223
-2 0 -3 106.698021 354.014887
-2 0 -4 118.201825 104.426632
-1 0 -7 123.989890 304.022078
0 0 -8 133.925873 271.066407
-2 0 -5 135.296721 306.918903
-2 1 -6 137.695804 1661.929303
-3 1 0 146.720876 115.723995
-3 1 -1 149.595263 733.283993
-3 1 -2 160.367204 340.325224
-1 0 -8 162.943094 192.203522

Start of a new data set 
The energy is8048.3
 h k l 2theta Intensity
0 0 -2 26.601559 22793.863037
-1 0 0 42.463019 901.608307
-1 0 -1 44.663392 4518.694076
-1 0 -2 50.812864 949.803576
0 0 -4 54.790471 1939.755166
-1 0 -3 60.030901 1591.233446
-1 0 -4 71.682559 299.622240
-2 1 0 77.693589 1898.316726
-2 1 -2 83.841355 3101.678026
-1 0 -5 85.635510 551.676714
0 0 -6 87.290132 468.179820
-2 0 0 92.817054 76.354865
-2 0 -1 94.336361 442.617852
-2 0 -2 98.917086 134.262447
-2 1 -4 102.139469 2026.980161
-1 0 -6 102.416013 126.095223
-2 0 -3 106.698021 354.014887
-2 0 -4 118.201825 104.426632
-1 0 -7 123.989890 304.022078
0 0 -8 133.925873 271.066407
-2 0 -5 135.296721 306.918903
-2 1 -6 137.695804 1661.929303
-3 1 0 146.720876 115.723995
-3 1 -1 149.595263 733.283993
-3 1 -2 160.367204 340.325224
-1 0 -8 162.943094 192.203522

Start of a new data set 
The energy is8048.3
 h k l 2theta Intensity
0 0 -2 26.601559 22793.863037
-1 0 0 42.463019 901.608307
-1 0 -1 44.663392 4518.694076
-1 0 -2 50.812864 949.803576
0 0 -4 54.790471 1939.755166
-1 0 -3 60.030901 1591.233446
-1 0 -4 71.682559 299.622240
-2 1 0 77.693589 1898.316726
-2 1 -2 83.841355 3101.678026
-1 0 -5 85.635510 551.676714
0 0 -6 87.290132 468.179820
-2 0 0 92.817054 76.354865
-2 0 -1 94.336361 442.617852
-2 0 -2 98.917086 134.262447
-2 1 -4 102.139469 2026.980161
-1 0 -6 102.416013 126.095223
-2 0 -3 106.698021 354.014887
-2 0 -4 118.201825 104.426632
-1 0 -7 123.989890 304.022078
0 0 -8 133.925873 271.066407
-2 0 -5 135.296721 306.918903
-2 1 -6 137.695804 1661.929303
-3 1 0 146.720876 115.723995
-3 1 -1 149.595263 733.283993
-3 1 -2 160.367204 340.325224
-1 0 -8 162.943094 192.203522

Start of a new data set 
The energy is8048.3
 h k l 2theta Intensity
0 0 -2 26.601559 22793.863037
-1 0 0 42.463019 901.608307
-1 0 -1 44.663392 4518.694076
-1 0 -2 50.812864 949.803576
0 0 -4 54.790471 1939.755166
-1 0 -3 60.030901 1591.233446
-1 0 -4 71.682559 299.622240
-2 1 0 77.693589 1898.316726
-2 1 -2 83.841355 3101.678026
-1 0 -5 85.635510 551.676714
0 0 -6 87.290132 468.179820
-2 0 0 92.817054 76.354865
-2 0 -1 94.336361 442.617852
-2 0 -2 98.917086 134.262447
-2 1 -4 102.139469 2026.980161
-1 0 -6 102.416013 126.095223
-2 0 -3 106.698021 354.014887
-2 0 -4 118.201825 104.426632
-1 0 -7 123.989890 304.022078
0 0 -8 133.925873 271.066407
-2 0 -5 135.296721 306.918903
-2 1 -6 137.695804 1661.929303
-3 1 0 146.720876 115.723995
-3 1 -1 149.595263 733.283993
-3 1 -2 160.367204 340.325224
-1 0 -8 162.943094 192.203522

Start of a new data set 
The energy is8048.3
 h k l 2theta Intensity
0 0 -2 26.601559 22793.863037
-1 0 0 42.463019 901.608307
-1 0 -1 44.663392 4518.694076
-1 0 -2 50.812864 949.803576
0 0 -4 54.790471 1939.755166
-1 0 -3 60.030901 1591.233446
-1 0 -4 71.682559 299.622240
-2 1 0 77.693589 1898.316726
-2 1 -2 83.841355 3101.678026
-1 0 -5 85.635510 551.676714
0 0 -6 87.290132 468.179820
-2 0 0 92.817054 76.354865
-2 0 -1 94.336361 442.617852
-2 0 -2 98.917086 134.262447
-2 1 -4 102.139469 2026.980161
-1 0 -6 102.416013 126.095223
-2 0 -3 106.698021 354.014887
-2 0 -4 118.201825 104.426632
-1 0 -7 123.989890 304.022078
0 0 -8 133.925873 271.066407
-2 0 -5 135.296721 306.918903
-2 1 -6 137.695804 1661.929303
-3 1 0 146.720876 115.723995
-3 1 -1 149.595263 733.283993
-3 1 -2 160.367204 340.325224
-1 0 -8 162.943094 192.203522

Start of a new data set 
The energy is8048.3
 h k l 2theta Intensity
0 0 -2 26.601559 22793.863037
-1 0 0 42.463019 901.608307
-1 0 -1 44.663392 4518.694076
-1 0 -2 50.812864 949.803576
0 0 -4 54.790471 1939.755166
-1 0 -3 60.030901 1591.233446
-1 0 -4 71.682559 299.622240
-2 1 0 77.693589 1898.316726
-2 1 -2 83.841355 3101.678026
-1 0 -5 85.635510 551.676714
0 0 -6 87.290132 468.179820
-2 0 0 92.817054 76.354865
-2 0 -1 94.336361 442.617852
-2 0 -2 98.917086 134.262447
-2 1 -4 102.139469 2026.980161
-1 0 -6 102.416013 126.095223
-2 0 -3 106.698021 354.014887
-2 0 -4 118.201825 104.426632
-1 0 -7 123.989890 304.022078
0 0 -8 133.925873 271.066407
-2 0 -5 135.296721 306.918903
-2 1 -6 137.695804 1661.929303
-3 1 0 146.720876 115.723995
-3 1 -1 149.595263 733.283993
-3 1 -2 160.367204 340.325224
-1 0 -8 162.943094 192.203522

Start of a new data set 
The energy is8048.3
 h k l 2theta Intensity
0 0 -2 26.601559 22793.863037
-1 0 0 42.463019 901.608307
-1 0 -1 44.663392 4518.694076
-1 0 -2 50.812864 949.803576
0 0 -4 54.790471 1939.755166
-1 0 -3 60.030901 1591.233446
-1 0 -4 71.682559 299.622240
-2 1 0 77.693589 1898.316726
-2 1 -2 83.841355 3101.678026
-1 0 -5 85.635510 551.676714
0 0 -6 87.290132 468.179820
-2 0 0 92.817054 76.354865
-2 0 -1 94.336361 442.617852
-2 0 -2 98.917086 134.262447
-2 1 -4 102.139469 2026.980161
-1 0 -6 102.416013 126.095223
-2 0 -3 106.698021 354.014887
-2 0 -4 118.201825 104.426632
-1 0 -7 123.989890 304.022078
0 0 -8 133.925873 271.066407
-2 0 -5 135.296721 306.918903
-2 1 -6 137.695804 1661.929303
-3 1 0 146.720876 115.723995
-3 1 -1 149.595263 733.283993
-3 1 -2 160.367204 340.325224
-1 0 -8 162.943094 192.203522

Start of a new data set 
The energy is8048.3
 h k l 2theta Intensity
0 0 -2 26.601559 22793.863037
-1 0 0 42.463019 901.608307
-1 0 -1 44.663392 4518.694076
-1 0 -2 50.812864 949.803576
0 0 -4 54.790471 1939.755166
-1 0 -3 60.030901 1591.233446
-1 0 -4 71.682559 299.622240
-2 1 0 77.693589 1898.316726
-2 1 -2 83.841355 3101.678026
-1 0 -5 85.635510 551.676714
0 0 -6 87.290132 468.179820
-2 0 0 92.817054 76.354865
-2 0 -1 94.336361 442.617852
-2 0 -2 98.917086 134.262447
-2 1 -4 102.139469 2026.980161
-1 0 -6 102.416013 126.095223
-2 0 -3 106.698021 354.014887
-2 0 -4 118.201825 104.426632
-1 0 -7 123.989890 304.022078
0 0 -8 133.925873 271.066407
-2 0 -5 135.296721 306.918903
-2 1 -6 137.695804 1661.929303
-3 1 0 146.720876 115.723995
-3 1 -1 149.595263 733.283993
-3 1 -2 160.367204 340.325224
-1 0 -8 162.943094 192.203522

Start of a new data set 
The energy is8048.3
 h k l 2theta Intensity
0 0 -2 26.601559 22793.863037
-1 0 0 42.463019 901.608307
-1 0 -1 44.663392 4518.694076
-1 0 -2 50.812864 949.803576
0 0 -4 54.790471 1939.755166
-1 0 -3 60.030901 1591.233446
-1 0 -4 71.682559 299.622240
-2 1 0 77.693589 1898.316726
-2 1 -2 83.841355 3101.678026
-1 0 -5 85.635510 551.676714
0 0 -6 87.290132 468.179820
-2 0 0 92.817054 76.354865
-2 0 -1 94.336361 442.617852
-2 0 -2 98.917086 134.262447
-2 1 -4 102.139469 2026.980161
-1 0 -6 102.416013 126.095223
-2 0 -3 106.698021 354.014887
-2 0 -4 118.201825 104.426632
-1 0 -7 123.989890 304.022078
0 0 -8 133.925873 271.066407
-2 0 -5 135.296721 306.918903
-2 1 -6 137.695804 1661.929303
-3 1 0 146.720876 115.723995
-3 1 -1 149.595263 733.283993
-3 1 -2 160.367204 340.325224
-1 0 -8 162.943094 192.203522

Start of a new data set 
The energy is8048.3
 h k l 2theta Intensity
0 0 -2 26.601559 22793.863037
-1 0 0 42.463019 901.608307
-1 0 -1 44.663392 4518.694076
-1 0 -2 50.812864 949.803576
0 0 -4 54.790471 1939.755166
-1 0 -3 60.030901 1591.233446
-1 0 -4 71.682559 299.622240
-2 1 0 77.693589 1898.316726
-2 1 -2 83.841355 3101.678026
-1 0 -5 85.635510 551.676714
0 0 -6 87.290132 468.179820
-2 0 0 92.817054 76.354865
-2 0 -1 94.336361 442.617852
-2 0 -2 98.917086 134.262447
-2 1 -4 102.139469 2026.980161
-1 0 -6 102.416013 126.095223
-2 0 -3 106.698021 354.014887
-2 0 -4 118.201825 104.426632
-1 0 -7 123.989890 304.022078
0 0 -8 133.925873 271.066407
-2 0 -5 135.296721 306.918903
-2 1 -6 137.695804 1661.929303
-3 1 0 146.720876 115.723995
-3 1 -1 149.595263 733.283993
-3 1 -2 160.367204 340.325224
-1 0 -8 162.943094 192.203522

Start of a new data set 
The energy is8048.3
 h k l 2theta Intensity
0 0 -2 26.601559 22793.863037
-1 0 0 42.463019 901.608307
-1 0 -1 44.663392 4518.694076
-1 0 -2 50.812864 949.803576
0 0 -4 54.790471 1939.755166
-1 0 -3 60.030901 1591.233446
-1 0 -4 71.682559 299.622240
-2 1 0 77.693589 1898.316726
-2 1 -2 83.841355 3101.678026
-1 0 -5 85.635510 551.676714
0 0 -6 87.290132 468.179820
-2 0 0 92.817054 76.354865
-2 0 -1 94.336361 442.617852
-2 0 -2 98.917086 134.262447
-2 1 -4 102.139469 2026.980161
-1 0 -6 102.416013 126.095223
-2 0 -3 106.698021 354.014887
-2 0 -4 118.201825 104.426632
-1 0 -7 123.989890 304.022078
0 0 -8 133.925873 271.066407
-2 0 -5 135.296721 306.918903
-2 1 -6 137.695804 1661.929303
-3 1 0 146.720876 115.723995
-3 1 -1 149.595263 733.283993
-3 1 -2 160.367204 340.325224
-1 0 -8 162.943094 192.203522

Start of a new data set 
The energy is8048.3
 h k l 2theta Intensity
0 0 -2 26.601559 22793.863037
-1 0 0 42.463019 901.608307
-1 0 -1 44.663392 4518.694076
-1 0 -2 50.812864 949.803576
0 0 -4 54.790471 1939.755166
-1 0 -3 60.030901 1591.233446
-1 0 -4 71.682559 299.622240
-2 1 0 77.693589 1898.316726
-2 1 -2 83.841355 3101.678026
-1 0 -5 85.635510 551.676714
0 0 -6 87.290132 468.179820
-2 0 0 92.817054 76.354865
-2 0 -1 94.336361 442.617852
-2 0 -2 98.917086 134.262447
-2 1 -4 102.139469 2026.980161
-1 0 -6 102.416013 126.095223
-2 0 -3 106.698021 354.014887
-2 0 -4 118.201825 104.426632
-1 0 -7 123.989890 304.022078
0 0 -8 133.925873 271.066407
-2 0 -5 135.296721 306.918903
-2 1 -6 137.695804 1661.929303
-3 1 0 146.720876 115.723995
-3 1 -1 149.595263 733.283993
-3 1 -2 160.367204 340.325224
-1 0 -8 162.943094 192.203522

Start of a new data set 
The energy is8048.3
 h k l 2theta Intensity
0 0 -2 26.601559 22793.863037
-1 0 0 42.463019 901.608307
-1 0 -1 44.663392 4518.694076
-1 0 -2 50.812864 949.803576
0 0 -4 54.790471 1939.755166
-1 0 -3 60.030901 1591.233446
-1 0 -4 71.682559 299.622240
-2 1 0 77.693589 1898.316726
-2 1 -2 83.841355 3101.678026
-1 0 -5 85.635510 551.676714
0 0 -6 87.290132 468.179820
-2 0 0 92.817054 76.354865
-2 0 -1 94.336361 442.617852
-2 0 -2 98.917086 134.262447
-2 1 -4 102.139469 2026.980161
-1 0 -6 102.416013 126.095223
-2 0 -3 106.698021 354.014887
-2 0 -4 118.201825 104.426632
-1 0 -7 123.989890 304.022078
0 0 -8 133.925873 271.066407
-2 0 -5 135.296721 306.918903
-2 1 -6 137.695804 1661.929303
-3 1 0 146.720876 115.723995
-3 1 -1 149.595263 733.283993
-3 1 -2 160.367204 340.325224
-1 0 -8 162.943094 192.203522

Start of a new data set 
The energy is8048.3
 h k l 2theta Intensity
0 0 -2 26.601559 22793.863037
-1 0 0 42.463019 901.608307
-1 0 -1 44.663392 4518.694076
-1 0 -2 50.812864 949.803576
0 0 -4 54.790471 1939.755166
-1 0 -3 60.030901 1591.233446
-1 0 -4 71.682559 299.622240
-2 1 0 77.693589 1898.316726
-2 1 -2 83.841355 3101.678026
-1 0 -5 85.635510 551.676714
0 0 -6 87.290132 468.179820
-2 0 0 92.817054 76.354865
-2 0 -1 94.336361 442.617852
-2 0 -2 98.917086 134.262447
-2 1 -4 102.139469 2026.980161
-1 0 -6 102.416013 126.095223
-2 0 -3 106.698021 354.014887
-2 0 -4 118.201825 104.426632
-1 0 -7 123.989890 304.022078
0 0 -8 133.925873 271.066407
-2 0 -5 135.296721 306.918903
-2 1 -6 137.695804 1661.929303
-3 1 0 146.720876 115.723995
-3 1 -1 149.595263 733.283993
-3 1 -2 160.367204 340.325224
-1 0 -8 162.943094 192.203522

Start of a new data set 
The energy is8048.3
 h k l 2theta Intensity
0 0 -2 26.601559 22793.863037
-1 0 0 42.463019 901.608307
-1 0 -1 44.663392 4518.694076
-1 0 -2 50.812864 949.803576
0 0 -4 54.790471 1939.755166
-1 0 -3 60.030901 1591.233446
-1 0 -4 71.682559 299.622240
-2 1 0 77.693589 1898.316726
-2 1 -2 83.841355 3101.678026
-1 0 -5 85.635510 551.676714
0 0 -6 87.290132 468.179820
-2 0 0 92.817054 76.354865
-2 0 -1 94.336361 442.617852
-2 0 -2 98.917086 134.262447
-2 1 -4 102.139469 2026.980161
-1 0 -6 102.416013 126.095223
-2 0 -3 106.698021 354.014887
-2 0 -4 118.201825 104.426632
-1 0 -7 123.989890 304.022078
0 0 -8 133.925873 271.066407
-2 0 -5 135.296721 306.918903
-2 1 -6 137.695804 1661.929303
-3 1 0 146.720876 115.723995
-3 1 -1 149.595263 733.283993
-3 1 -2 160.367204 340.325224
-1 0 -8 162.943094 192.203522

Start of a new data set 
The energy is8048.3
 h k l 2theta Intensity
0 0 -2 26.601559 21066.169808
-1 0 0 42.463019 744.991513
-1 0 -1 44.663392 3667.006944
-1 0 -2 50.812864 731.859670
0 0 -4 54.790471 1445.290334
-1 0 -3 60.030901 1136.322420
-1 0 -4 71.682559 198.665552
-2 1 0 77.693589 1235.274314
-2 1 -2 83.841355 2019.370399
-1 0 -5 85.635510 360.762970
0 0 -6 87.290132 307.964188
-2 0 0 92.817054 51.876048
-2 0 -1 94.336361 304.438587
-2 0 -2 98.917086 96.652761
-2 1 -4 102.139469 1517.448326
-1 0 -6 102.416013 94.739545
-2 0 -3 106.698021 282.556264
-2 0 -4 118.201825 101.089848
-1 0 -7 123.989890 326.953429
0 0 -8 133.925873 348.197399
-2 0 -5 135.296721 403.599121
-2 1 -6 137.695804 2274.776827
-3 1 0 146.720876 181.705286
-3 1 -1 149.595263 1196.468822
-3 1 -2 160.367204 624.090548
-1 0 -8 162.943094 359.953866

Start of a new data set 
The energy is8048.3
 h k l 2theta Intensity
0 0 -2 26.601559 21066.169808
-1 0 0 42.463019 744.991513
-1 0 -1 44.663392 3667.006944
-1 0 -2 50.812864 731.859670
0 0 -4 54.790471 1445.290334
-1 0 -3 60.030901 1136.322420
-1 0 -4 71.682559 198.665552
-2 1 0 77.693589 1235.274314
-2 1 -2 83.841355 2019.370399
-1 0 -5 85.635510 360.762970
0 0 -6 87.290132 307.964188
-2 0 0 92.817054 51.876048
-2 0 -1 94.336361 304.438587
-2 0 -2 98.917086 96.652761
-2 1 -4 102.139469 1517.448326
-1 0 -6 102.416013 94.739545
-2 0 -3 106.698021 282.556264
-2 0 -4 118.201825 101.089848
-1 0 -7 123.989890 326.953429
0 0 -8 133.925873 348.197399
-2 0 -5 135.296721 403.599121
-2 1 -6 137.695804 2274.776827
-3 1 0 146.720876 181.705286
-3 1 -1 149.595263 1196.468822
-3 1 -2 160.367204 624.090548
-1 0 -8 162.943094 359.953866

Start of a new data set 
The energy is8048.3
 h k l 2theta Intensity
0 0 -2 26.601559 21066.169808
-1 0 0 42.463019 744.991513
-1 0 -1 44.663392 3667.006944
-1 0 -2 50.812864 731.859670
0 0 -4 54.790471 1445.290334
-1 0 -3 60.030901 1136.322420
-1 0 -4 71.682559 198.665552
-2 1 0 77.693589 1235.274314
-2 1 -2 83.841355 2019.370399
-1 0 -5 85.635510 360.762970
0 0 -6 87.290132 307.964188
-2 0 0 92.817054 51.876048
-2 0 -1 94.336361 304.438587
-2 0 -2 98.917086 96.652761
-2 1 -4 102.139469 1517.448326
-1 0 -6 102.416013 94.739545
-2 0 -3 106.698021 282.556264
-2 0 -4 118.201825 101.089848
-1 0 -7 123.989890 326.953429
0 0 -8 133.925873 348.197399
-2 0 -5 135.296721 403.599121
-2 1 -6 137.695804 2274.776827
-3 1 0 146.720876 181.705286
-3 1 -1 149.595263 1196.468822
-3 1 -2 160.367204 624.090548
-1 0 -8 162.943094 359.953866

Start of a new data set 
The energy is8048.3
 h k l 2theta Intensity
0 0 -2 26.601559 21066.169808
-1 0 0 42.463019 744.991513
-1 0 -1 44.663392 3667.006944
-1 0 -2 50.812864 731.859670
0 0 -4 54.790471 1445.290334
-1 0 -3 60.030901 1136.322420
-1 0 -4 71.682559 198.665552
-2 1 0 77.693589 1235.274314
-2 1 -2 83.841355 2019.370399
-1 0 -5 85.635510 360.762970
0 0 -6 87.290132 307.964188
-2 0 0 92.817054 51.876048
-2 0 -1 94.336361 304.438587
-2 0 -2 98.917086 96.652761
-2 1 -4 102.139469 1517.448326
-1 0 -6 102.416013 94.739545
-2 0 -3 106.698021 282.556264
-2 0 -4 118.201825 101.089848
-1 0 -7 123.989890 326.953429
0 0 -8 133.925873 348.197399
-2 0 -5 135.296721 403.599121
-2 1 -6 137.695804 2274.776827
-3 1 0 146.720876 181.705286
-3 1 -1 149.595263 1196.468822
-3 1 -2 160.367204 624.090548
-1 0 -8 162.943094 359.953866

Start of a new data set 
The energy is8048.3
 h k l 2theta Intensity
0 0 -2 26.601559 21066.169808
-1 0 0 42.463019 744.991513
-1 0 -1 44.663392 3667.006944
-1 0 -2 50.812864 731.859670
0 0 -4 54.790471 1445.290334
-1 0 -3 60.030901 1136.322420
-1 0 -4 71.682559 198.665552
-2 1 0 77.693589 1235.274314
-2 1 -2 83.841355 2019.370399
-1 0 -5 85.635510 360.762970
0 0 -6 87.290132 307.964188
-2 0 0 92.817054 51.876048
-2 0 -1 94.336361 304.438587
-2 0 -2 98.917086 96.652761
-2 1 -4 102.139469 1517.448326
-1 0 -6 102.416013 94.739545
-2 0 -3 106.698021 282.556264
-2 0 -4 118.201825 101.089848
-1 0 -7 123.989890 326.953429
0 0 -8 133.925873 348.197399
-2 0 -5 135.296721 403.599121
-2 1 -6 137.695804 2274.776827
-3 1 0 146.720876 181.705286
-3 1 -1 149.595263 1196.468822
-3 1 -2 160.367204 624.090548
-1 0 -8 162.943094 359.953866

Start of a new data set 
The energy is8048.3
 h k l 2theta Intensity
0 0 -2 26.601559 21066.169808
-1 0 0 42.463019 744.991513
-1 0 -1 44.663392 3667.006944
-1 0 -2 50.812864 731.859670
0 0 -4 54.790471 1445.290334
-1 0 -3 60.030901 1136.322420
-1 0 -4 71.682559 198.665552
-2 1 0 77.693589 1235.274314
-2 1 -2 83.841355 2019.370399
-1 0 -5 85.635510 360.762970
0 0 -6 87.290132 307.964188
-2 0 0 92.817054 51.876048
-2 0 -1 94.336361 304.438587
-2 0 -2 98.917086 96.652761
-2 1 -4 102.139469 1517.448326
-1 0 -6 102.416013 94.739545
-2 0 -3 106.698021 282.556264
-2 0 -4 118.201825 101.089848
-1 0 -7 123.989890 326.953429
0 0 -8 133.925873 348.197399
-2 0 -5 135.296721 403.599121
-2 1 -6 137.695804 2274.776827
-3 1 0 146.720876 181.705286
-3 1 -1 149.595263 1196.468822
-3 1 -2 160.367204 624.090548
-1 0 -8 162.943094 359.953866

Start of a new data set 
The energy is8048.3
 h k l 2theta Intensity
0 0 -2 26.601559 21066.169808
-1 0 0 42.463019 744.991513
-1 0 -1 44.663392 3667.006944
-1 0 -2 50.812864 731.859670
0 0 -4 54.790471 1445.290334
-1 0 -3 60.030901 1136.322420
-1 0 -4 71.682559 198.665552
-2 1 0 77.693589 1235.274314
-2 1 -2 83.841355 2019.370399
-1 0 -5 85.635510 360.762970
0 0 -6 87.290132 307.964188
-2 0 0 92.817054 51.876048
-2 0 -1 94.336361 304.438587
-2 0 -2 98.917086 96.652761
-2 1 -4 102.139469 1517.448326
-1 0 -6 102.416013 94.739545
-2 0 -3 106.698021 282.556264
-2 0 -4 118.201825 101.089848
-1 0 -7 123.989890 326.953429
0 0 -8 133.925873 348.197399
-2 0 -5 135.296721 403.599121
-2 1 -6 137.695804 2274.776827
-3 1 0 146.720876 181.705286
-3 1 -1 149.595263 1196.468822
-3 1 -2 160.367204 624.090548
-1 0 -8 162.943094 359.953866

Start of a new data set 
The energy is8048.3
 h k l 2theta Intensity
0 0 -2 26.601559 21066.169808
-1 0 0 42.463019 744.991513
-1 0 -1 44.663392 3667.006944
-1 0 -2 50.812864 731.859670
0 0 -4 54.790471 1445.290334
-1 0 -3 60.030901 1136.322420
-1 0 -4 71.682559 198.665552
-2 1 0 77.693589 1235.274314
-2 1 -2 83.841355 2019.370399
-1 0 -5 85.635510 360.762970
0 0 -6 87.290132 307.964188
-2 0 0 92.817054 51.876048
-2 0 -1 94.336361 304.438587
-2 0 -2 98.917086 96.652761
-2 1 -4 102.139469 1517.448326
-1 0 -6 102.416013 94.739545
-2 0 -3 106.698021 282.556264
-2 0 -4 118.201825 101.089848
-1 0 -7 123.989890 326.953429
0 0 -8 133.925873 348.197399
-2 0 -5 135.296721 403.599121
-2 1 -6 137.695804 2274.776827
-3 1 0 146.720876 181.705286
-3 1 -1 149.595263 1196.468822
-3 1 -2 160.367204 624.090548
-1 0 -8 162.943094 359.953866

Start of a new data set 
The energy is8048.3
 h k l 2theta Intensity
0 0 -2 26.601559 21066.169808
-1 0 0 42.463019 744.991513
-1 0 -1 44.663392 3667.006944
-1 0 -2 50.812864 731.859670
0 0 -4 54.790471 1445.290334
-1 0 -3 60.030901 1136.322420
-1 0 -4 71.682559 198.665552
-2 1 0 77.693589 1235.274314
-2 1 -2 83.841355 2019.370399
-1 0 -5 85.635510 360.762970
0 0 -6 87.290132 307.964188
-2 0 0 92.817054 51.876048
-2 0 -1 94.336361 304.438587
-2 0 -2 98.917086 96.652761
-2 1 -4 102.139469 1517.448326
-1 0 -6 102.416013 94.739545
-2 0 -3 106.698021 282.556264
-2 0 -4 118.201825 101.089848
-1 0 -7 123.989890 326.953429
0 0 -8 133.925873 348.197399
-2 0 -5 135.296721 403.599121
-2 1 -6 137.695804 2274.776827
-3 1 0 146.720876 181.705286
-3 1 -1 149.595263 1196.468822
-3 1 -2 160.367204 624.090548
-1 0 -8 162.943094 359.953866

Start of a new data set 
The energy is8048.3
 h k l 2theta Intensity
0 0 -2 26.601559 21066.169808
-1 0 0 42.463019 744.991513
-1 0 -1 44.663392 3667.006944
-1 0 -2 50.812864 731.859670
0 0 -4 54.790471 1445.290334
-1 0 -3 60.030901 1136.322420
-1 0 -4 71.682559 198.665552
-2 1 0 77.693589 1235.274314
-2 1 -2 83.841355 2019.370399
-1 0 -5 85.635510 360.762970
0 0 -6 87.290132 307.964188
-2 0 0 92.817054 51.876048
-2 0 -1 94.336361 304.438587
-2 0 -2 98.917086 96.652761
-2 1 -4 102.139469 1517.448326
-1 0 -6 102.416013 94.739545
-2 0 -3 106.698021 282.556264
-2 0 -4 118.201825 101.089848
-1 0 -7 123.989890 326.953429
0 0 -8 133.925873 348.197399
-2 0 -5 135.296721 403.599121
-2 1 -6 137.695804 2274.776827
-3 1 0 146.720876 181.705286
-3 1 -1 149.595263 1196.468822
-3 1 -2 160.367204 624.090548
-1 0 -8 162.943094 359.953866

Start of a new data set 
The energy is8048.3
 h k l 2theta Intensity
0 0 -2 26.601559 21066.169808
-1 0 0 42.463019 744.991513
-1 0 -1 44.663392 3667.006944
-1 0 -2 50.812864 731.859670
0 0 -4 54.790471 1445.290334
-1 0 -3 60.030901 1136.322420
-1 0 -4 71.682559 198.665552
-2 1 0 77.693589 1235.274314
-2 1 -2 83.841355 2019.370399
-1 0 -5 85.635510 360.762970
0 0 -6 87.290132 307.964188
-2 0 0 92.817054 51.876048
-2 0 -1 94.336361 304.438587
-2 0 -2 98.917086 96.652761
-2 1 -4 102.139469 1517.448326
-1 0 -6 102.416013 94.739545
-2 0 -3 106.698021 282.556264
-2 0 -4 118.201825 101.089848
-1 0 -7 123.989890 326.953429
0 0 -8 133.925873 348.197399
-2 0 -5 135.296721 403.599121
-2 1 -6 137.695804 2274.776827
-3 1 0 146.720876 181.705286
-3 1 -1 149.595263 1196.468822
-3 1 -2 160.367204 624.090548
-1 0 -8 162.943094 359.953866

Start of a new data set 
The energy is8048.3
 h k l 2theta Intensity
0 0 -2 26.601559 21066.169808
-1 0 0 42.463019 744.991513
-1 0 -1 44.663392 3667.006944
-1 0 -2 50.812864 731.859670
0 0 -4 54.790471 1445.290334
-1 0 -3 60.030901 1136.322420
-1 0 -4 71.682559 198.665552
-2 1 0 77.693589 1235.274314
-2 1 -2 83.841355 2019.370399
-1 0 -5 85.635510 360.762970
0 0 -6 87.290132 307.964188
-2 0 0 92.817054 51.876048
-2 0 -1 94.336361 304.438587
-2 0 -2 98.917086 96.652761
-2 1 -4 102.139469 1517.448326
-1 0 -6 102.416013 94.739545
-2 0 -3 106.698021 282.556264
-2 0 -4 118.201825 101.089848
-1 0 -7 123.989890 326.953429
0 0 -8 133.925873 348.197399
-2 0 -5 135.296721 403.599121
-2 1 -6 137.695804 2274.776827
-3 1 0 146.720876 181.705286
-3 1 -1 149.595263 1196.468822
-3 1 -2 160.367204 624.090548
-1 0 -8 162.943094 359.953866

Start of a new data set 
The energy is8048.3
 h k l 2theta Intensity
0 0 -2 26.601559 21066.169808
-1 0 0 42.463019 744.991513
-1 0 -1 44.663392 3667.006944
-1 0 -2 50.812864 731.859670
0 0 -4 54.790471 1445.290334
-1 0 -3 60.030901 1136.322420
-1 0 -4 71.682559 198.665552
-2 1 0 77.693589 1235.274314
-2 1 -2 83.841355 2019.370399
-1 0 -5 85.635510 360.762970
0 0 -6 87.290132 307.964188
-2 0 0 92.817054 51.876048
-2 0 -1 94.336361 304.438587
-2 0 -2 98.917086 96.652761
-2 1 -4 102.139469 1517.448326
-1 0 -6 102.416013 94.739545
-2 0 -3 106.698021 282.556264
-2 0 -4 118.201825 101.089848
-1 0 -7 123.989890 326.953429
0 0 -8 133.925873 348.197399
-2 0 -5 135.296721 403.599121
-2 1 -6 137.695804 2274.776827
-3 1 0 146.720876 181.705286
-3 1 -1 149.595263 1196.468822
-3 1 -2 160.367204 624.090548
-1 0 -8 162.943094 359.953866

Start of a new data set 
The energy is8048.3
 h k l 2theta Intensity
0 0 -2 26.601559 21066.169808
-1 0 0 42.463019 744.991513
-1 0 -1 44.663392 3667.006944
-1 0 -2 50.812864 731.859670
0 0 -4 54.790471 1445.290334
-1 0 -3 60.030901 1136.322420
-1 0 -4 71.682559 198.665552
-2 1 0 77.693589 1235.274314
-2 1 -2 83.841355 2019.370399
-1 0 -5 85.635510 360.762970
0 0 -6 87.290132 307.964188
-2 0 0 92.817054 51.876048
-2 0 -1 94.336361 304.438587
-2 0 -2 98.917086 96.652761
-2 1 -4 102.139469 1517.448326
-1 0 -6 102.416013 94.739545
-2 0 -3 106.698021 282.556264
-2 0 -4 118.201825 101.089848
-1 0 -7 123.989890 326.953429
0 0 -8 133.925873 348.197399
-2 0 -5 135.296721 403.599121
-2 1 -6 137.695804 2274.776827
-3 1 0 146.720876 181.705286
-3 1 -1 149.595263 1196.468822
-3 1 -2 160.367204 624.090548
-1 0 -8 162.943094 359.953866

Start of a new data set 
The energy is8048.3
 h k l 2theta Intensity
0 0 -2 26.601559 21066.169808
-1 0 0 42.463019 744.991513
-1 0 -1 44.663392 3667.006944
-1 0 -2 50.812864 731.859670
0 0 -4 54.790471 1445.290334
-1 0 -3 60.030901 1136.322420
-1 0 -4 71.682559 198.665552
-2 1 0 77.693589 1235.274314
-2 1 -2 83.841355 2019.370399
-1 0 -5 85.635510 360.762970
0 0 -6 87.290132 307.964188
-2 0 0 92.817054 51.876048
-2 0 -1 94.336361 304.438587
-2 0 -2 98.917086 96.652761
-2 1 -4 102.139469 1517.448326
-1 0 -6 102.416013 94.739545
-2 0 -3 106.698021 282.556264
-2 0 -4 118.201825 101.089848
-1 0 -7 123.989890 326.953429
0 0 -8 133.925873 348.197399
-2 0 -5 135.296721 403.599121
-2 1 -6 137.695804 2274.776827
-3 1 0 146.720876 181.705286
-3 1 -1 149.595263 1196.468822
-3 1 -2 160.367204 624.090548
-1 0 -8 162.943094 359.953866

Start of a new data set 
The energy is8048.3
 h k l 2theta Intensity
0 0 -2 26.601559 21066.169808
-1 0 0 42.463019 744.991513
-1 0 -1 44.663392 3667.006944
-1 0 -2 50.812864 731.859670
0 0 -4 54.790471 1445.290334
-1 0 -3 60.030901 1136.322420
-1 0 -4 71.682559 198.665552
-2 1 0 77.693589 1235.274314
-2 1 -2 83.841355 2019.370399
-1 0 -5 85.635510 360.762970
0 0 -6 87.290132 307.964188
-2 0 0 92.817054 51.876048
-2 0 -1 94.336361 304.438587
-2 0 -2 98.917086 96.652761
-2 1 -4 102.139469 1517.448326
-1 0 -6 102.416013 94.739545
-2 0 -3 106.698021 282.556264
-2 0 -4 118.201825 101.089848
-1 0 -7 123.989890 326.953429
0 0 -8 133.925873 348.197399
-2 0 -5 135.296721 403.599121
-2 1 -6 137.695804 2274.776827
-3 1 0 146.720876 181.705286
-3 1 -1 149.595263 1196.468822
-3 1 -2 160.367204 624.090548
-1 0 -8 162.943094 359.953866

Start of a new data set 
The energy is8048.3
 h k l 2theta Intensity
0 0 -2 26.601559 21066.169808
-1 0 0 42.463019 744.991513
-1 0 -1 44.663392 3667.006944
-1 0 -2 50.812864 731.859670
0 0 -4 54.790471 1445.290334
-1 0 -3 60.030901 1136.322420
-1 0 -4 71.682559 198.665552
-2 1 0 77.693589 1235.274314
-2 1 -2 83.841355 2019.370399
-1 0 -5 85.635510 360.762970
0 0 -6 87.290132 307.964188
-2 0 0 92.817054 51.876048
-2 0 -1 94.336361 304.438587
-2 0 -2 98.917086 96.652761
-2 1 -4 102.139469 1517.448326
-1 0 -6 102.416013 94.739545
-2 0 -3 106.698021 282.556264
-2 0 -4 118.201825 101.089848
-1 0 -7 123.989890 326.953429
0 0 -8 133.925873 348.197399
-2 0 -5 135.296721 403.599121
-2 1 -6 137.695804 2274.776827
-3 1 0 146.720876 181.705286
-3 1 -1 149.595263 1196.468822
-3 1 -2 160.367204 624.090548
-1 0 -8 162.943094 359.953866
