   1.000000E-02  3.221081E-03
   1.061746E-02  3.222787E-03
   1.127304E-02  3.224712E-03
   1.196911E-02  3.226887E-03
   1.270815E-02  3.229345E-03
   1.349283E-02  3.232122E-03
   1.432595E-02  3.235261E-03
   1.521052E-02  3.238810E-03
   1.614971E-02  3.242826E-03
   1.714689E-02  3.247370E-03
   1.820564E-02  3.252517E-03
   1.932977E-02  3.258347E-03
   2.052330E-02  3.264958E-03
   2.179053E-02  3.272459E-03
   2.313601E-02  3.280977E-03
   2.456456E-02  3.290660E-03
   2.608132E-02  3.301678E-03
   2.769174E-02  3.314234E-03
   2.940159E-02  3.328560E-03
   3.121702E-02  3.344936E-03
   3.314454E-02  3.363689E-03
   3.519108E-02  3.385212E-03
   3.736398E-02  3.409978E-03
   3.967106E-02  3.438560E-03
   4.212058E-02  3.471658E-03
   4.472136E-02  3.510140E-03
   4.748272E-02  3.555095E-03
   5.041458E-02  3.607903E-03
   5.352748E-02  3.670353E-03
   5.683258E-02  3.744795E-03
   6.034176E-02  3.834402E-03
   6.406762E-02  3.943562E-03
   6.802353E-02  4.078550E-03
   7.222371E-02  4.248710E-03
   7.668322E-02  4.468680E-03
   8.141810E-02  4.762954E-03
   8.644534E-02  5.176390E-03
   9.178299E-02  5.802630E-03
   9.745021E-02  6.882877E-03
   0.103467  9.356004E-03
   0.109856  4.439441E-02
   0.116639  5.01750
   0.123841  7.40090
   0.131488  9.38825
   0.139607  11.2140
   0.148227  12.9675
   0.157379  14.6954
   0.167097  16.4268
   0.177414  18.1820
   0.188369  19.9766
   0.200000  21.8233
   0.212349  23.7335
   0.225461  25.7173
   0.239382  27.7844
   0.254163  29.9439
   0.269857  32.2052
   0.286519  34.5775
   0.304210  37.0702
   0.322994  39.6930
   0.342938  42.4559
   0.364113  45.3691
   0.386595  48.4436
   0.410466  51.6907
   0.435811  55.1222
   0.462720  58.7508
   0.491291  62.5895
   0.521626  66.6523
   0.553835  70.9539
   0.588032  75.5098
   0.624340  80.3365
   0.662891  85.4513
   0.703822  90.8727
   0.747280  96.6201
   0.793421  102.714
   0.842412  109.177
   0.894427  116.031
   0.949654  123.302
   1.00829  131.016
   1.07055  139.199
   1.13665  147.882
   1.20684  157.096
   1.28135  166.874
   1.36047  177.250
   1.44447  188.262
   1.53366  199.950
   1.62836  212.355
   1.72891  225.522
   1.83566  239.497
   1.94900  254.332
   2.06935  270.078
   2.19712  286.792
   2.33278  304.534
   2.47682  323.367
   2.62976  343.359
   2.79213  364.579
   2.96454  387.105
   3.14759  411.016
   3.34194  436.397
   3.54829  463.338
   3.76738  491.934
   4.00000  522.286
