   1.000000E-02  0.999919
   4.990000E-02  0.999548
   8.980000E-02  0.998748
   0.129700  9.566407E-02
   0.169600  1.855683E-02
   0.209500  6.524540E-03
   0.249400  2.940999E-03
   0.289300  1.533424E-03
   0.329200  8.816769E-04
   0.369100  5.442394E-04
   0.409000  3.546579E-04
   0.448900  2.412421E-04
   0.488800  1.699153E-04
   0.528700  1.231909E-04
   0.568600  9.152412E-05
   0.608500  6.943449E-05
   0.648400  5.363946E-05
   0.688300  4.209992E-05
   0.728200  3.350875E-05
   0.768100  2.700454E-05
   0.808000  2.200704E-05
   0.847900  1.811538E-05
   0.887800  1.504822E-05
   0.927700  1.260413E-05
   0.967600  1.063700E-05
   1.00750  9.039787E-06
   1.04740  7.731416E-06
   1.08730  6.651590E-06
   1.12720  5.753901E-06
   1.16710  5.002716E-06
   1.20700  4.370349E-06
   1.24690  3.834924E-06
   1.28680  3.378895E-06
   1.32670  2.988755E-06
   1.36660  2.653391E-06
   1.40650  2.363796E-06
   1.44640  2.112551E-06
   1.48630  1.893931E-06
   1.52620  1.702806E-06
   1.56610  1.535211E-06
   1.60600  1.387687E-06
   1.64590  1.257485E-06
   1.68580  1.142162E-06
   1.72570  1.039835E-06
   1.76560  9.486335E-07
   1.80550  8.672711E-07
   1.84540  7.943743E-07
   1.88530  7.290902E-07
   1.92520  6.702021E-07
   1.96510  6.172662E-07
   2.00500  5.694123E-07
   2.04490  5.260964E-07
   2.08480  4.868473E-07
   2.12470  4.511550E-07
   2.16460  4.186746E-07
   2.20450  3.890626E-07
   2.24440  3.620819E-07
   2.28430  3.373499E-07
   2.32420  3.146810E-07
   2.36410  2.938735E-07
   2.40400  2.747950E-07
   2.44390  2.571902E-07
   2.48380  2.410216E-07
   2.52370  2.260544E-07
   2.56360  2.122417E-07
   2.60350  1.994739E-07
   2.64340  1.876601E-07
   2.68330  1.766961E-07
   2.72320  1.665323E-07
   2.76310  1.570517E-07
   2.80300  1.482859E-07
   2.84290  1.400762E-07
   2.88280  1.324579E-07
   2.92270  1.253329E-07
   2.96260  1.186864E-07
   3.00250  1.124833E-07
   3.04240  1.066604E-07
   3.08230  1.012097E-07
   3.12220  9.611262E-08
   3.16210  9.131898E-08
   3.20200  8.682724E-08
   3.24190  8.260162E-08
   3.28180  7.864620E-08
   3.32170  7.489984E-08
   3.36160  7.139653E-08
   3.40150  6.807500E-08
   3.44140  6.495700E-08
   3.48130  6.201000E-08
   3.52120  5.922636E-08
   3.56110  5.659878E-08
   3.60100  5.411290E-08
   3.64090  5.176945E-08
   3.68080  4.954298E-08
   3.72070  4.743447E-08
   3.76060  4.543380E-08
   3.80050  4.355475E-08
   3.84040  4.174009E-08
   3.88030  4.003757E-08
   3.92020  3.841729E-08
   3.96010  3.689065E-08
   4.00000  3.543798E-08
