3  0.1419E+01 0.1336E+01 0.3688E+00 0.1357E+00 0.2376E-01 0.1644E-03
4  0.1112E+01 0.1375E+01 0.4087E+00 0.1285E+00 0.2562E-01 0.8932E-04
6  0.6617E+00 0.1193E+01 0.4899E+00 0.1316E+00 0.3083E-01 0.6470E-04
8  0.4552E+00 0.9158E+00 0.4525E+00 0.1258E+00 0.3311E-01 0.3264E-04
11 0.2018E+01 0.1419E+01 0.8736E+00 0.3901E+00 0.6940E-01 0.7268E-03
12 0.2056E+01 0.1899E+01 0.8117E+00 0.3656E+00 0.6979E-01 0.5207E-03
13 0.2023E+01 0.2526E+01 0.8571E+00 0.3998E+00 0.7571E-01 0.6943E-03
14 0.1876E+01 0.2617E+01 0.8604E+00 0.3903E+00 0.7769E-01 0.5067E-03
19 0.3640E+01 0.2363E+01 0.2250E+01 0.5906E+00 0.1240E+00 0.3468E-02
20 0.4051E+01 0.3030E+01 0.2122E+01 0.5720E+00 0.1245E+00 0.2636E-02
22 0.3275E+01 0.2836E+01 0.1972E+01 0.5543E+00 0.1260E+00 0.2059E-02
23 0.2998E+01 0.2708E+01 0.1911E+01 0.5494E+00 0.1270E+00 0.1822E-02
24 0.2149E+01 0.2271E+01 0.1864E+01 0.5508E+00 0.1224E+00 0.1579E-02
25 0.2552E+01 0.2453E+01 0.1801E+01 0.5578E+00 0.1324E+00 0.1556E-02
26 0.2377E+01 0.2337E+01 0.1748E+01 0.5600E+00 0.1332E+00 0.1438E-02
27 0.2198E+01 0.2238E+01 0.1707E+01 0.5662E+00 0.1356E+00 0.1330E-02
28 0.2120E+01 0.2098E+01 0.1642E+01 0.5578E+00 0.1364E+00 0.3189E-02
29 0.1477E+01 0.1780E+01 0.1617E+01 0.5787E+00 0.1393E+00 0.1171E-02
30 0.1838E+01 0.1938E+01 0.1560E+01 0.5784E+00 0.1409E+00 0.1007E-02
31 0.2131E+01 0.2513E+01 0.1605E+01 0.6912E+00 0.1568E+00 0.1757E-02
32 0.2259E+01 0.2746E+01 0.1533E+01 0.6738E+00 0.1563E+00 0.1432E-02
33 0.2237E+01 0.2839E+01 0.1445E+01 0.6379E+00 0.1536E+00 0.1073E-02
37 0.4404E+01 0.3344E+01 0.2699E+01 0.1088E+01 0.2180E+00 0.7246E-02
38 0.5231E+01 0.3809E+01 0.2760E+01 0.1068E+01 0.2199E+00 0.6075E-02
39 0.4696E+01 0.3997E+01 0.2719E+01 0.1031E+01 0.2211E+00 0.5195E-02
40 0.4251E+01 0.4019E+01 0.2670E+01 0.9914E+00 0.2183E+00 0.4434E-02
41 0.3103E+01 0.3779E+01 0.2614E+01 0.9519E+00 0.2155E+00 0.3715E-02
42 0.2808E+01 0.3698E+01 0.2597E+01 0.9267E+00 0.2148E+00 0.3200E-02
44 0.2355E+01 0.3488E+01 0.2598E+01 0.8855E+00 0.2167E+00 0.2811E-02
45 0.2184E+01 0.3367E+01 0.2598E+01 0.8630E+00 0.2163E+00 0.2551E-02
46 0.1528E+01 0.3165E+01 0.1973E+01 0.7142E+00 0.1934E+00 0.9113E-03
47 0.1902E+01 0.3116E+01 0.2590E+01 0.8331E+00 0.2168E+00 0.2229E-02
48 0.2424E+01 0.3150E+01 0.2602E+01 0.8255E+00 0.2189E+00 0.2176E-02
50 0.3252E+01 0.3695E+01 0.2775E+01 0.8868E+00 0.2357E+00 0.3746E-02
55 0.5752E+01 0.5524E+01 0.3445E+01 0.1426E+01 0.3164E+00 0.1797E-01
56 0.7286E+01 0.5617E+01 0.3536E+01 0.1465E+01 0.3230E+00 0.1663E-01
57 0.6659E+01 0.5817E+01 0.3516E+01 0.1462E+01 0.3275E+00 0.1466E-01
58 0.6416E+01 0.5616E+01 0.3515E+01 0.1479E+01 0.3297E+00 0.1405E-01
64 0.5398E+01 0.4655E+01 0.3343E+01 0.1510E+01 0.3379E+00 0.1065E-01
72 0.4292E+01 0.4058E+01 0.2985E+01 0.1477E+01 0.3480E+00 0.6862E-02
73 0.3935E+01 0.4161E+01 0.2942E+01 0.1454E+01 0.3476E+00 0.6150E-02
74 0.3653E+01 0.4217E+01 0.2889E+01 0.1422E+01 0.3462E+00 0.5534E-02
75 0.3442E+01 0.4241E+01 0.2834E+01 0.1386E+01 0.3441E+00 0.4790E-02
76 0.3209E+01 0.4253E+01 0.2802E+01 0.1362E+01 0.3435E+00 0.4426E-02
77 0.2986E+01 0.4237E+01 0.2793E+01 0.1348E+01 0.3427E+00 0.3932E-02
78 0.2338E+01 0.4129E+01 0.2698E+01 0.1299E+01 0.3388E+00 0.3410E-02
79 0.2193E+01 0.4083E+01 0.2672E+01 0.1275E+01 0.3380E+00 0.3031E-02
81 0.2811E+01 0.4293E+01 0.3207E+01 0.1415E+01 0.3649E+00 0.5031E-02
82 0.3202E+01 0.4427E+01 0.3196E+01 0.1392E+01 0.3651E+00 0.4712E-02
90 0.6943E+01 0.7038E+01 0.3998E+01 0.1665E+01 0.4366E+00 0.1647E-01


0.1155E+03 0.3643E+02 0.7008E+01 0.1114E+01 0.1113E+00
0.6462E+02 0.2108E+02 0.4967E+01 0.8500E+00 0.9183E-01
0.3888E+02 0.1227E+02 0.3311E+01 0.6327E+00 0.7613E-01
0.2376E+02 0.7631E+01 0.2189E+01 0.4809E+00 0.6342E-01
0.1162E+03 0.3083E+02 0.4674E+01 0.9460E+00 0.9264E-01
0.7816E+02 0.2323E+02 0.3988E+01 0.8278E+00 0.8588E-01
0.7768E+02 0.2254E+02 0.4247E+01 0.8335E+00 0.8617E-01
0.6211E+02 0.1868E+02 0.3935E+01 0.7690E+00 0.8234E-01
0.1471E+03 0.3008E+02 0.6125E+01 0.9463E+00 0.9584E-01
0.1064E+03 0.2827E+02 0.5388E+01 0.8847E+00 0.9168E-01
0.8682E+02 0.2248E+02 0.4435E+01 0.7933E+00 0.8525E-01
0.8061E+02 0.2058E+02 0.4085E+01 0.7569E+00 0.8259E-01
0.8282E+02 0.1815E+02 0.3796E+01 0.7132E+00 0.7775E-01
0.7131E+02 0.1789E+02 0.3595E+01 0.7177E+00 0.7965E-01
0.6752E+02 0.1678E+02 0.3380E+01 0.6930E+00 0.7752E-01
0.6471E+02 0.1604E+02 0.3221E+01 0.6760E+00 0.7621E-01
0.5929E+02 0.1473E+02 0.2999E+01 0.6459E+00 0.7420E-01
0.6638E+02 0.1396E+02 0.2932E+01 0.6430E+00 0.7344E-01
0.5626E+02 0.1373E+02 0.2785E+01 0.6227E+00 0.7199E-01
0.6959E+02 0.1741E+02 0.3170E+01 0.7043E+00 0.7691E-01
0.5883E+02 0.1588E+02 0.2957E+01 0.6679E+00 0.7455E-01
0.4764E+02 0.1382E+02 0.2673E+01 0.6198E+00 0.7145E-01
0.1525E+03 0.2592E+02 0.5907E+01 0.9003E+00 0.8880E-01
0.1144E+03 0.2666E+02 0.5659E+01 0.8699E+00 0.8721E-01
0.9910E+02 0.2430E+02 0.5246E+01 0.8309E+00 0.8530E-01
0.8883E+02 0.2185E+02 0.4842E+01 0.7841E+00 0.8247E-01
0.8391E+02 0.1891E+02 0.4471E+01 0.7402E+00 0.7974E-01
0.7844E+02 0.1749E+02 0.4214E+01 0.7097E+00 0.7782E-01
0.7146E+02 0.1540E+02 0.3809E+01 0.6619E+00 0.7516E-01
0.6877E+02 0.1452E+02 0.3620E+01 0.6362E+00 0.7356E-01
0.3578E+02 0.9358E+01 0.2649E+01 0.5205E+00 0.6525E-01
0.6488E+02 0.1311E+02 0.3309E+01 0.5990E+00 0.7100E-01
0.5815E+02 0.1309E+02 0.3198E+01 0.5871E+00 0.7031E-01
0.6148E+02 0.1555E+02 0.3300E+01 0.6177E+00 0.7252E-01
0.1650E+03 0.2347E+02 0.4882E+01 0.8986E+00 0.8763E-01
0.1254E+03 0.2359E+02 0.4966E+01 0.9067E+00 0.8784E-01
0.1094E+03 0.2250E+02 0.4840E+01 0.8947E+00 0.8726E-01
0.1071E+03 0.2210E+02 0.4784E+01 0.8868E+00 0.8652E-01
0.9478E+02 0.1985E+02 0.4273E+01 0.8116E+00 0.8130E-01
0.7404E+02 0.1688E+02 0.3590E+01 0.7097E+00 0.7514E-01
0.6831E+02 0.1602E+02 0.3473E+01 0.6917E+00 0.7411E-01
0.6344E+02 0.1502E+02 0.3331E+01 0.6704E+00 0.7291E-01
0.5858E+02 0.1400E+02 0.3184E+01 0.6481E+00 0.7163E-01
0.5506E+02 0.1324E+02 0.3080E+01 0.6311E+00 0.7065E-01
0.5232E+02 0.1266E+02 0.3013E+01 0.6176E+00 0.6971E-01
0.4816E+02 0.1136E+02 0.2828E+01 0.5918E+00 0.6816E-01
0.4542E+02 0.1074E+02 0.2737E+01 0.5761E+00 0.6723E-01
0.6161E+02 0.1380E+02 0.3253E+01 0.6237E+00 0.7046E-01
0.5637E+02 0.1356E+02 0.3155E+01 0.6099E+00 0.6971E-01
0.8675E+02 0.1871E+02 0.3821E+01 0.6940E+00 0.7551E-01